1732136520091	-16.5292815	-68.0662647	86	1	30	0
1732136524872	-16.5292823	-68.0662791	86	1	124	0
1732136530930	-16.5292855	-68.0663084	86	1	125	0
1732136537134	-16.5292923	-68.066344	86	1	128	0
1732136543249	-16.5292769	-68.0662853	86	1	138	0
1732136550085	-16.5292774	-68.0664003	86	1	32	0
1732136556090	-16.5293037	-68.06652	86	1	34	0
1732136562088	-16.5293327	-68.0666358	86	1	30	0
1732136568107	-16.5293516	-68.0667256	86	1	30	0
1732136574086	-16.5293679	-68.0667948	86	1	29	0
1732136580067	-16.5293825	-68.0668752	86	1	29	0
1732136585108	-16.5293875	-68.0669028	86	1	128	0
1732136592090	-16.5294093	-68.0670209	86	1	31	0
1732136598093	-16.5294183	-68.0670756	86	1	30	0
1732136604080	-16.5294252	-68.0671263	86	1	30	0
1732136610112	-16.5294302	-68.0671752	86	1	26	0
1732136615512	-16.5294321	-68.0671929	86	1	133	0
1732136621366	-16.5294315	-68.0672316	86	1	131	0
1732136628083	-16.5294302	-68.0672571	86	1	26	0
1732136634093	-16.5294278	-68.0672819	86	1	26	0
1732136639568	-16.529427	-68.0672908	86	1	134	0
1732136646080	-16.5294269	-68.0673214	86	1	27	0
1732136652087	-16.5294294	-68.0673381	86	1	28	0
1732136658043	-16.5294305	-68.0673442	86	1	28	0
1732136664096	-16.5294268	-68.0673636	86	1	27	0
1732136669572	-16.5294255	-68.0673705	86	1	136	0
1732136676096	-16.5294356	-68.0674127	86	1	27	0
1732136682082	-16.5294415	-68.0674369	86	1	27	0
1732136688075	-16.5294436	-68.0674504	86	1	27	0
1732136694090	-16.5296674	-68.0689021	87	1	12	0
1732136699786	-16.5296228	-68.0686076	87	1	139	0
1732136705521	-16.5293833	-68.0670035	87	1	133	0
1732136712086	-16.5294733	-68.067568	87	1	26	0
1732136718096	-16.529477	-68.0675872	87	1	26	0
1732136723864	-16.529662	-68.0689019	87	1	13	0
1732136730079	-16.5296634	-68.0689085	87	1	13	0
1732136736086	-16.5296682	-68.0689024	87	1	13	0
1732136741873	-16.5296698	-68.0689052	87	1	13	0
1732136747921	-16.529669	-68.0689068	87	1	12	0
1732136754054	-16.5296693	-68.0689076	87	1	12	0
1732136760076	-16.5296667	-68.068906	87	1	13	0
1732136765945	-16.5296642	-68.0688933	87	1	14	0
1732136772085	-16.5296646	-68.0688967	87	1	14	0
1732136778052	-16.5296701	-68.0689111	87	1	13	0
1732136784083	-16.5295183	-68.0677455	87	1	25	0
1732136796171	-16.5297895	-68.0700243	87	1	125	0
1732136797324	-16.5296747	-68.0689727	87	1	14	0
1732136805083	-16.5296727	-68.0689759	87	1	15	0
1732136808082	-16.5296474	-68.0690703	87	1	28	0
1732136814088	-16.529651	-68.068961	87	1	17	0
1732136820085	-16.5296068	-68.0689038	87	1	24	0
1732136826041	-16.5296638	-68.0689335	87	1	14	0
1732136832076	-16.5295819	-68.0687649	87	1	25	0
1732136838080	-16.5296636	-68.06893	87	1	13	1
1732136844106	-16.5295964	-68.0688359	87	1	21	0
1732136850083	-16.5296053	-68.0689057	87	1	18	0
1732136856083	-16.529673	-68.0689591	87	1	13	0
1732136862080	-16.5296092	-68.0688838	87	1	14	0
1732136868096	-16.5296707	-68.0689577	87	1	13	0
1732136874084	-16.5295942	-68.0688974	87	1	13	0
1732136880079	-16.5296658	-68.0689602	87	1	12	0
1732136886099	-16.5296034	-68.0689114	87	1	12	0
1732136892088	-16.5296677	-68.0689584	87	1	12	0
1732136898084	-16.5296143	-68.0689145	87	1	12	0
1732136904085	-16.5296599	-68.0689628	87	1	13	0
1732136910080	-16.5296147	-68.0689038	87	1	12	0
1732136916102	-16.5296564	-68.0689548	87	1	12	0
1732136922086	-16.5296204	-68.0688895	87	1	11	0
1732136928072	-16.5296629	-68.0689568	87	1	12	0
1732136934094	-16.5296154	-68.068882	87	1	11	0
1732136940073	-16.529667	-68.0689558	87	1	13	0
1732136946074	-16.5296154	-68.068882	87	1	11	0
1732136952084	-16.5296649	-68.0689561	87	1	12	0
1732136958084	-16.5296155	-68.0688821	87	1	12	0
1732136964091	-16.5296687	-68.0689533	87	1	12	0
1732136970086	-16.5296152	-68.0688816	87	1	7	1
1732136976099	-16.5296573	-68.0689384	87	1	11	0
1732136982099	-16.5296152	-68.0688816	87	1	8	0
1732136988076	-16.5296564	-68.068941	87	1	11	0
1732136994087	-16.5296152	-68.0688816	87	1	8	0
1732137000079	-16.5296485	-68.0689365	87	1	12	0
1732137006070	-16.5296152	-68.0688817	87	1	9	0
1732137012089	-16.5296463	-68.0689439	87	1	11	0
1732137018072	-16.5296151	-68.0688816	87	1	8	0
1732137024090	-16.5296149	-68.0688813	87	1	8	0
1732137030085	-16.5296541	-68.0689445	87	1	11	0
1732137036087	-16.5296151	-68.0688816	87	1	7	0
1732137042079	-16.5296532	-68.06894	87	1	10	1
1732137048092	-16.5296151	-68.0688816	87	1	7	0
1732137054087	-16.5296529	-68.0689421	87	1	11	0
1732137060078	-16.5296151	-68.0688816	87	1	8	0
1732137066076	-16.5296504	-68.0689389	87	1	11	0
1732137072079	-16.5296151	-68.0688816	87	1	7	0
1732137078092	-16.5296526	-68.0689349	87	1	11	0
1732137084089	-16.5296517	-68.0689336	87	1	11	0
1732137090087	-16.5296532	-68.0689364	87	1	11	0
1732137096063	-16.5296151	-68.0688815	87	1	7	0
1732137102089	-16.5296593	-68.068934	87	1	10	0
1732137108082	-16.5296151	-68.0688816	87	1	7	0
1732137114091	-16.5296526	-68.0689327	87	1	11	0
1732137120092	-16.5296518	-68.0689316	87	1	11	0
1732137126083	-16.5296496	-68.0689346	87	1	11	0
1732137132067	-16.5296497	-68.0689345	87	1	11	0
1732137138043	-16.5296539	-68.0689341	87	1	11	0
1732137144059	-16.5296151	-68.0688815	87	1	7	0
1732137150036	-16.529615	-68.0688814	87	1	7	0
1732137156032	-16.529615	-68.0688814	87	1	7	0
1732137162057	-16.5296477	-68.0689376	87	1	11	0
1732137168064	-16.5296151	-68.0688816	87	1	7	0
1732137174038	-16.5296548	-68.0689357	87	1	10	0
1732137180061	-16.5296151	-68.0688816	87	1	7	0
1732137186064	-16.5296518	-68.0689363	87	1	11	0
1732137192039	-16.529651	-68.0689351	87	1	11	0
1732137198043	-16.529655	-68.0689369	87	1	10	0
1732137206562	-16.5296555	-68.0689357	87	1	10	0
1732137210101	-16.5296555	-68.0689357	87	1	10	0
1732137216046	-16.5296591	-68.0689406	87	1	11	0
1732137222056	-16.5296577	-68.0689385	87	1	11	0
1732137228077	-16.5296151	-68.0688816	87	1	8	0
1732137241255	-16.529678	-68.0689661	87	1	12	0
1732137247068	-16.5296556	-68.068936	87	1	11	0
1732137258098	-16.529615	-68.0688815	87	1	8	0
1732137271690	-16.5297207	-68.0690257	87	1	146	0
1732137272750	-16.5296798	-68.0689609	87	1	13	0
1732137279590	-16.5296756	-68.0689525	87	1	141	0
1732137284729	-16.5296762	-68.0689667	87	1	12	0
1732137293636	-16.5296755	-68.0689708	87	1	174	0
1732137296987	-16.5296756	-68.0689702	87	1	294	0
1732137307808	-16.5296758	-68.068969	87	1	414	1
1732137308849	-16.529669	-68.0689698	87	1	12	1
1732137319850	-16.529668	-68.0689699	87	1	143	1
1732137320892	-16.5296704	-68.0689717	87	1	32	1
1732137331888	-16.5296709	-68.0689722	87	1	164	1
1732137332956	-16.5296547	-68.0689834	87	1	13	0
1732137343743	-16.5296721	-68.068965	87	1	11	0
1732137355636	-16.5296762	-68.0689662	87	1	12	0
1732137363073	-16.5296701	-68.0689752	87	1	16	0
1732137373961	-16.5296783	-68.068966	87	1	12	0
1732137379904	-16.5296707	-68.0689658	87	1	12	0
1732137385844	-16.5296655	-68.0689814	87	1	16	0
1732137391777	-16.5296686	-68.0689626	87	1	12	0
1732137397918	-16.5296678	-68.0689721	87	1	11	1
1732137404090	-16.529666	-68.0689793	87	1	12	1
1732137410003	-16.5296695	-68.068977	87	1	17	1
1732137415954	-16.52964	-68.0689883	87	1	15	0
1732137421998	-16.5296799	-68.0689641	87	1	12	0
1732137428137	-16.5296655	-68.0689739	87	1	12	0
1732137433976	-16.5296712	-68.0689685	87	1	12	0
1732137439919	-16.5296619	-68.0689796	87	1	12	0
1732137445967	-16.5296742	-68.0689702	87	1	11	0
1732137452093	-16.5296552	-68.0689546	87	1	14	0
1732137458129	-16.5296596	-68.0689805	87	1	14	0
1732137464178	-16.529657	-68.0689963	87	1	15	0
1732137470209	-16.5296579	-68.0689594	87	1	13	0
1732137476264	-16.5296746	-68.0689637	87	1	11	1
1732137482326	-16.5296692	-68.0689727	87	1	12	1
1732137488331	-16.5296786	-68.0689671	87	1	12	1
1732137494174	-16.5296786	-68.0689636	87	1	12	1
1732137500228	-16.5296696	-68.0689729	88	1	11	1
1732137506174	-16.529675	-68.0689675	88	1	12	1
1732137513568	-16.5296795	-68.0689682	88	1	12	1
1732137524372	-16.5296707	-68.068976	88	1	12	1
1732137530228	-16.529649	-68.0689927	88	1	16	0
1732137536493	-16.5296717	-68.0689736	88	1	12	0
1732137542316	-16.5296796	-68.0689675	88	1	13	0
1732137549684	-16.5296655	-68.0689808	88	1	12	0
1732137560558	-16.529657	-68.0689863	88	1	13	0
1732137566579	-16.5296672	-68.0689622	88	1	14	0
1732137573764	-16.5296712	-68.068974	88	1	14	0
1732137584746	-16.529673	-68.0689793	88	1	152	0
1732137585794	-16.5296701	-68.0689726	88	1	32	0
1732137596623	-16.5296693	-68.0689755	88	1	14	1
1732137603874	-16.5296717	-68.0689655	88	1	18	1
1732137614829	-16.5296662	-68.0689642	88	1	13	1
1732137620844	-16.5296621	-68.0689653	88	1	12	1
1732137626902	-16.5296534	-68.0689653	88	1	12	1
1732137632843	-16.529671	-68.0689601	88	1	13	0
1732137638598	-16.5296496	-68.0689486	88	1	14	0
1732137646077	-16.5296588	-68.0689617	88	1	13	0
1732137656986	-16.5296725	-68.0689649	88	1	12	0
1732137662936	-16.5296604	-68.0689641	88	1	15	0
1732137668984	-16.5296736	-68.0689639	88	1	16	0
1732137675043	-16.5296688	-68.0689745	88	1	16	0
1732137682213	-16.529669	-68.0689746	88	1	18	0
1732137693118	-16.5296625	-68.0689653	88	1	13	1
1732137699137	-16.5296641	-68.06896	88	1	13	1
1732137706287	-16.5296598	-68.0689753	88	1	12	0
1732137717174	-16.5296676	-68.0689712	88	1	13	0
1732137723154	-16.5296689	-68.0689617	88	1	13	0
1732137729308	-16.5296683	-68.0689739	88	1	17	0
1732137735144	-16.5296581	-68.0689623	88	1	13	0
1732137741267	-16.5296599	-68.0689661	88	1	13	0
1732137748381	-16.5296735	-68.0689604	88	1	12	0
1732137759212	-16.5296633	-68.0689731	88	1	12	0
1732137765147	-16.5296611	-68.0689664	88	1	12	0
1732137771358	-16.5296484	-68.0689667	88	1	12	1
1732137777159	-16.5296613	-68.0689631	88	1	12	1
1732137783455	-16.5296681	-68.0689746	88	1	13	1
1732137789393	-16.5296572	-68.0689572	88	1	12	0
1732137795394	-16.5296679	-68.0689705	88	1	13	0
1732137801386	-16.5296718	-68.0689672	88	1	14	0
1732137807412	-16.5296681	-68.0689693	88	1	14	0
1732137813579	-16.5296588	-68.0689688	88	1	12	0
1732137820688	-16.5296691	-68.0689689	88	1	13	0
1732137831612	-16.529664	-68.0689683	88	1	13	0
1732137837535	-16.5296588	-68.0689645	87	1	12	0
1732137843361	-16.5296665	-68.0689715	87	1	13	0
1732137850837	-16.5296616	-68.0689696	87	1	13	1
1732137862888	-16.5296548	-68.0689566	87	1	13	0
1732137873570	-16.529664	-68.0689693	87	1	13	0
1732137879824	-16.529654	-68.0689571	87	1	12	0
1732137886992	-16.5296654	-68.0689631	87	1	12	0
1732137897763	-16.5296578	-68.0689684	87	1	12	0
1732137903697	-16.5296709	-68.0689667	87	1	14	0
1732137909829	-16.5296635	-68.0689668	87	1	13	0
1732137915891	-16.5296629	-68.0689669	87	1	13	0
1732137923132	-16.529674	-68.0689599	87	1	16	1
1732137935219	-16.5296591	-68.0689605	87	1	13	0
1732137945982	-16.5296604	-68.0689645	87	1	15	0
1732137952163	-16.5296615	-68.0689644	87	1	12	0
1732137958072	-16.5296515	-68.0689533	87	1	13	0
1732137964104	-16.5296716	-68.0689549	87	1	15	0
1732137970144	-16.5296776	-68.0689547	87	1	13	0
1732137976235	-16.5296624	-68.0689664	87	1	13	0
1732137982089	-16.5296508	-68.068956	87	1	13	0
1732137989361	-16.5296659	-68.0689686	87	1	13	0
1732138000281	-16.5296695	-68.0689722	87	1	13	1
1732138006381	-16.5296695	-68.0689673	87	1	13	1
1732138012342	-16.5296805	-68.0689545	87	1	13	0
1732138019479	-16.5296681	-68.0689785	87	1	12	0
1732138031554	-16.5296776	-68.068956	87	1	13	0
1732138043598	-16.5296727	-68.0689703	87	1	15	0
1732138054387	-16.5296669	-68.068967	87	1	14	0
1732138060360	-16.5296692	-68.0689658	87	1	13	0
1732138067688	-16.5296674	-68.0689826	87	1	14	0
1732138078493	-16.5296631	-68.0689629	87	1	13	1
1732138084567	-16.5296649	-68.0689655	87	1	14	1
1732138090679	-16.5296601	-68.0689543	87	1	13	1
1732138096529	-16.529663	-68.0689711	87	1	17	0
1732138102418	-16.5296662	-68.0689637	87	1	15	0
1732138108579	-16.5296733	-68.068966	87	1	18	0
1732138114643	-16.5296617	-68.068985	87	1	17	0
1732138120774	-16.5296635	-68.0689636	87	1	14	0
1732138126656	-16.52967	-68.0689702	87	1	15	0
1732138132567	-16.5296697	-68.0689696	87	1	15	0
1732138138587	-16.5296684	-68.0689735	87	1	14	0
1732138144845	-16.5296641	-68.0689692	87	1	13	0
1732138150905	-16.5296634	-68.0689631	87	1	15	0
1732138156818	-16.529667	-68.0689669	87	1	16	1
1732138162987	-16.5296713	-68.0689633	87	1	17	1
1732138168819	-16.5296689	-68.0689717	87	1	16	1
1732138174868	-16.5296545	-68.0689577	87	1	13	0
1732138180997	-16.5296651	-68.0689674	87	1	15	0
1732138186792	-16.5296624	-68.0689638	87	1	14	0
1732138192732	-16.5296634	-68.0689613	87	1	13	0
1732138198915	-16.5296664	-68.0689684	87	1	14	0
1732138205061	-16.5296494	-68.0689483	87	1	12	0
1732138210860	-16.5296683	-68.0689687	87	1	16	0
1732138217129	-16.529664	-68.0689668	87	1	15	0
1732138224303	-16.5296657	-68.0689682	87	1	14	0
1732138235223	-16.5296607	-68.0689624	87	1	13	1
1732138241008	-16.529671	-68.0689677	87	1	17	1
1732138248433	-16.5296668	-68.0689685	87	1	16	1
1732138259230	-16.52967	-68.0689693	87	1	15	1
1732138265357	-16.5296704	-68.0689725	87	1	14	1
1732138271216	-16.5296564	-68.0689626	87	1	13	0
1732138278508	-16.5296716	-68.0689681	87	1	15	0
1732138289503	-16.5296692	-68.0689716	87	1	14	0
1732138295392	-16.5296704	-68.0689697	87	1	13	0
1732138302608	-16.5296696	-68.0689732	87	1	13	0
1732138313337	-16.5296685	-68.0689723	87	1	14	0
1732138319643	-16.5296699	-68.0689746	87	1	13	0
1732138325226	-16.5296616	-68.0689653	87	1	12	0
1732138331402	-16.5296701	-68.0689743	87	1	15	1
1732138338755	-16.5296665	-68.068968	87	1	18	1
1732138350806	-16.5296705	-68.0689736	87	1	13	1
1732138361508	-16.5296692	-68.0689689	87	1	13	1
1732138368912	-16.5296698	-68.0689745	87	1	13	1
1732138380963	-16.5296681	-68.0689679	87	1	16	1
1732138391717	-16.5296702	-68.0689671	87	1	13	1
1732138397813	-16.5296646	-68.0689595	87	1	12	1
1732138403771	-16.5296626	-68.0689747	87	1	12	0
1732138411060	-16.5296681	-68.0689707	87	1	12	0
1732138421896	-16.5296736	-68.0689654	87	1	12	0
1732138429153	-16.5296575	-68.0689748	87	1	15	0
1732138440074	-16.5296703	-68.0689773	87	1	18	0
1732138446099	-16.5296613	-68.0689755	87	1	16	0
1732138451885	-16.5296692	-68.0689735	87	1	18	0
1732138459241	-16.5296551	-68.0689755	87	1	16	0
1732138466081	-16.5296564	-68.0689753	87	1	17	1
1732138470085	-16.5296066	-68.0691284	87	1	27	0
1732138476071	-16.5296355	-68.0690467	87	1	18	0
1732138482084	-16.5296411	-68.0690146	87	1	15	0
1732138488087	-16.5296473	-68.0690026	87	1	15	0
1732138494086	-16.5296476	-68.069	87	1	15	0
1732138500084	-16.5296498	-68.0689964	87	1	14	0
1732138506075	-16.5296458	-68.068991	87	1	13	0
1732138512093	-16.5296496	-68.0689907	87	1	14	0
1732138518086	-16.5296497	-68.0689942	87	1	15	0
1732138524090	-16.5296334	-68.0690397	87	1	11	0
1732138530095	-16.5296463	-68.0689974	87	1	14	0
1732138536082	-16.5296491	-68.0689982	87	1	15	0
1732138542087	-16.5296494	-68.0690541	87	1	11	0
1732138548079	-16.5296499	-68.0690617	87	1	10	0
1732138554092	-16.5296413	-68.0690314	87	1	9	0
1732138560090	-16.5296466	-68.0689957	87	1	11	0
1732138566090	-16.5296585	-68.0689867	87	1	12	0
1732138572093	-16.5296491	-68.0689896	87	1	13	0
1732138578093	-16.5296306	-68.0690145	87	1	9	0
1732138584082	-16.5296482	-68.0689905	87	1	14	0
1732138590086	-16.5296478	-68.0689891	87	1	13	0
1732138596084	-16.5296309	-68.069014	87	1	9	1
1732138602085	-16.5296309	-68.0690141	87	1	6	1
1732138608092	-16.5296309	-68.0690141	87	1	6	1
1732138614089	-16.5296309	-68.0690141	87	1	6	1
1732138620091	-16.5296309	-68.0690141	87	1	5	1
1732138626090	-16.5296309	-68.0690141	87	1	6	1
1732138632095	-16.5296309	-68.0690141	87	1	5	1
1732138638093	-16.5296309	-68.0690141	87	1	5	1
1732138644083	-16.5296309	-68.0690141	87	1	5	1
1732138650093	-16.5296309	-68.0690141	87	1	6	1
1732138656088	-16.5296309	-68.0690141	87	1	5	1
1732138662891	-16.5296309	-68.0690141	87	1	5	1
1732138668086	-16.5296309	-68.0690141	87	1	5	1
1732138674086	-16.5296309	-68.0690141	87	1	5	1
1732138680093	-16.5296309	-68.0690141	87	1	5	1
1732138686087	-16.5296309	-68.0690141	87	1	5	1
1732138692082	-16.5296309	-68.0690141	87	1	5	1
1732138698087	-16.5296309	-68.0690141	87	1	5	1
1732138704095	-16.5296309	-68.0690141	87	1	6	1
1732138710087	-16.5296309	-68.0690141	87	1	16	1
1732138716081	-16.5296309	-68.0690141	87	1	5	1
1732138722095	-16.5296309	-68.0690141	87	1	5	1
1732138728089	-16.5296309	-68.0690141	87	1	16	1
1732138734084	-16.5296309	-68.0690141	87	1	5	1
1732138740082	-16.5296309	-68.0690141	87	1	16	1
1732138746079	-16.5296309	-68.0690141	87	1	5	1
1732138752079	-16.5296309	-68.0690141	87	1	5	1
1732138758095	-16.5296309	-68.0690141	87	1	17	1
1732138764084	-16.5296309	-68.0690141	87	1	15	1
1732138770080	-16.5296309	-68.0690141	87	1	16	1
1732138776079	-16.5296309	-68.0690141	87	1	5	1
1732138782086	-16.5296309	-68.0690141	87	1	5	1
1732138788095	-16.5296309	-68.0690141	87	1	16	1
1732138794092	-16.5296309	-68.0690141	87	1	18	1
1732138800091	-16.5296309	-68.0690141	87	1	17	1
1732138806093	-16.5296309	-68.0690141	87	1	18	1
1732138812091	-16.5296309	-68.0690141	87	1	16	1
1732138818083	-16.5296309	-68.0690141	87	1	20	1
1732138824092	-16.5296309	-68.0690141	87	1	22	1
1732138830090	-16.5296309	-68.0690141	87	1	6	1
1732138836085	-16.5296309	-68.0690141	87	1	20	1
1732138842097	-16.5296309	-68.0690141	87	1	20	1
1732138848097	-16.5296309	-68.0690141	87	1	18	1
1732138854095	-16.5296309	-68.0690141	87	1	17	1
1732138860092	-16.5296309	-68.0690141	87	1	20	1
1732138866088	-16.5296309	-68.0690141	87	1	20	1
1732138872085	-16.5296309	-68.0690141	87	1	20	1
1732138878080	-16.5296309	-68.0690141	87	1	21	1
1732138884088	-16.5296309	-68.0690141	87	1	25	1
1732138890092	-16.5296309	-68.0690141	87	1	6	1
1732138896075	-16.5296309	-68.0690141	87	1	24	1
1732138902078	-16.5296309	-68.0690141	87	1	21	1
1732138908095	-16.5296309	-68.0690141	87	1	22	1
1732138914087	-16.5296309	-68.0690141	87	1	23	1
1732138920096	-16.5296309	-68.0690141	87	1	26	1
1732138926079	-16.5296309	-68.0690141	87	1	6	1
1732138932088	-16.5296309	-68.0690141	87	1	24	1
1732138938092	-16.5296309	-68.0690141	87	1	24	1
1732138944086	-16.5296309	-68.0690141	87	1	27	1
1732138950089	-16.5296309	-68.0690141	87	1	6	1
1732138956079	-16.5296309	-68.0690141	87	1	23	1
1732138962087	-16.5296309	-68.0690141	87	1	25	1
1732138968085	-16.5296309	-68.0690141	87	1	26	1
1732138974088	-16.5296309	-68.0690141	87	1	24	1
1732138980089	-16.5296309	-68.0690141	87	1	26	1
1732138986092	-16.5296309	-68.0690141	87	1	25	1
1732138992089	-16.5296309	-68.0690141	87	1	26	1
1732138998087	-16.5296309	-68.0690141	87	1	29	1
1732139004088	-16.5296309	-68.0690141	87	1	6	1
1732139010080	-16.5296309	-68.0690141	87	1	6	1
1732139016091	-16.5296309	-68.0690141	87	1	6	1
1732139022098	-16.5296309	-68.0690141	87	1	27	1
1732139028089	-16.5296309	-68.0690141	87	1	28	1
1732139034093	-16.5296309	-68.0690141	87	1	28	1
1732139040089	-16.5296309	-68.0690141	87	1	30	1
1732139046095	-16.5296309	-68.0690141	87	1	6	1
1732139052086	-16.5296309	-68.0690141	87	1	6	1
1732139058087	-16.5296309	-68.0690141	87	1	6	1
1732139064095	-16.5296309	-68.0690141	87	1	29	1
1732139070094	-16.5296309	-68.0690141	87	1	29	1
1732139076094	-16.5296309	-68.0690141	87	1	30	1
1732139082095	-16.5296309	-68.0690141	87	1	31	1
1732139088094	-16.5296309	-68.0690141	87	1	31	1
1732139094086	-16.5296309	-68.0690141	87	1	30	1
1732139100095	-16.5296309	-68.0690141	86	1	31	1
1732139106091	-16.5296309	-68.0690141	86	1	6	1
1732139109832	-16.5296309	-68.0690141	86	1	61	1
1732139112091	-16.5296309	-68.0690141	86	1	6	1
1732139118087	-16.5296309	-68.0690141	86	1	6	1
1732139124089	-16.5296309	-68.0690141	86	1	6	1
1732139130083	-16.5296309	-68.0690141	86	1	6	1
1732139133916	-16.5296309	-68.0690141	86	1	64	1
1732139136082	-16.5296309	-68.0690141	86	1	6	1
1732139142087	-16.5296309	-68.0690141	86	1	6	1
1732139145996	-16.5296309	-68.0690141	86	1	62	1
1732139148087	-16.5296309	-68.0690141	86	1	6	1
1732139154085	-16.5296309	-68.0690141	86	1	6	1
1732139156978	-16.5296309	-68.0690141	86	1	61	1
1732139160088	-16.5296309	-68.0690141	86	1	6	1
1732139162919	-16.5296309	-68.0690141	86	1	60	1
1732139166082	-16.5296309	-68.0690141	86	1	6	1
1732139168935	-16.5296309	-68.0690141	86	1	61	1
1732139172088	-16.5296309	-68.0690141	86	1	6	1
1732139175005	-16.5296309	-68.0690141	86	1	62	1
1732139178083	-16.5296309	-68.0690141	86	1	6	1
1732139181048	-16.5296309	-68.0690141	86	1	63	1
1732139184094	-16.5296309	-68.0690141	86	1	6	1
1732139186971	-16.5296309	-68.0690141	86	1	61	1
1732139190094	-16.5296309	-68.0690141	86	1	6	1
1732139196074	-16.5296309	-68.0690141	86	1	6	1
1732139199060	-16.5296309	-68.0690141	86	1	64	1
1732139202083	-16.5296309	-68.0690141	86	1	6	1
1732139204905	-16.5296309	-68.0690141	86	1	60	1
1732139208091	-16.5296309	-68.0690141	86	1	6	1
1732139212271	-16.5296309	-68.0690141	86	1	70	1
1732139214084	-16.5296309	-68.0690141	86	1	6	1
1732139220092	-16.5296309	-68.0690141	86	1	6	1
1732139223203	-16.5296309	-68.0690141	86	1	67	1
1732139226081	-16.5296309	-68.0690141	86	1	6	1
1732139229170	-16.5296309	-68.0690141	86	1	66	1
1732139232087	-16.5296309	-68.0690141	86	1	6	1
1732139235104	-16.5296309	-68.0690141	86	1	65	1
1732139238088	-16.5296309	-68.0690141	86	1	6	1
1732139242362	-16.5296309	-68.0690141	86	1	69	1
1732139244091	-16.5296309	-68.0690141	86	1	6	1
1732139250096	-16.5296309	-68.0690141	86	1	6	1
1732139254395	-16.5296309	-68.0690141	86	1	6	1
1732139256056	-16.5296309	-68.0690141	86	1	6	1
1732139262081	-16.5296309	-68.0690141	86	1	6	1
1732139265210	-16.5296309	-68.0690141	86	1	67	1
1732139268096	-16.5296309	-68.0690141	86	1	6	1
1732139271335	-16.5296309	-68.0690141	86	1	70	1
1732139274084	-16.5296309	-68.0690141	86	1	6	1
1732139277321	-16.5296309	-68.0690141	86	1	69	1
1732139280084	-16.5296309	-68.0690141	86	1	6	1
1732139284542	-16.5296309	-68.0690141	86	1	73	1
1732139292085	-16.5296309	-68.0690141	86	1	6	1
1732139295507	-16.5296309	-68.0690141	86	1	73	1
1732139302584	-16.5296309	-68.0690141	86	1	78	1
1732139310090	-16.5296309	-68.0690141	86	1	6	1
1732139313426	-16.5296309	-68.0690141	86	1	71	1
1732139316093	-16.5296309	-68.0690141	86	1	6	1
1732139320676	-16.5296309	-68.0690141	86	1	78	1
1732139328090	-16.5296309	-68.0690141	86	1	6	1
1732139331555	-16.5296309	-68.0690141	86	1	74	1
1732139337526	-16.5296309	-68.0690141	86	1	73	1
1732139343575	-16.5296309	-68.0690141	86	1	75	1
1732139350761	-16.5296309	-68.0690141	86	1	80	1
1732139358094	-16.5296309	-68.0690141	86	1	6	1
1732139361761	-16.5296309	-68.0690141	86	1	78	1
1732139367607	-16.5296309	-68.0690141	86	1	75	1
1732139373766	-16.5296309	-68.0690141	86	1	78	1
1732139380901	-16.5296309	-68.0690141	86	1	6	1
1732139388097	-16.5296309	-68.0690141	86	1	6	1
1732139391772	-16.5296309	-68.0690141	86	1	6	1
1732139397930	-16.5296523	-68.0689921	86	1	8	0
1732139403782	-16.5296311	-68.0690139	86	1	8	0
1732139409908	-16.5296309	-68.0690141	86	1	6	0
1732139415835	-16.5296309	-68.0690141	86	1	6	0
1732139421785	-16.5296309	-68.0690141	86	1	7	0
1732139427934	-16.5296309	-68.0690141	86	1	6	0
1732139433994	-16.5296309	-68.0690141	86	1	7	0
1732139440005	-16.5296309	-68.0690141	86	1	6	0
1732139445873	-16.5296309	-68.0690141	86	1	6	0
1732139451997	-16.5296309	-68.0690141	86	1	6	0
1732139459166	-16.5296309	-68.0690141	86	1	6	1
1732139466086	-16.5296309	-68.0690141	86	1	6	1
1732139470124	-16.5296309	-68.0690141	86	1	6	1
1732139477286	-16.5296309	-68.0690141	86	1	88	1
1732139484081	-16.5296309	-68.0690141	86	1	6	1
1732139488133	-16.5296309	-68.0690141	86	1	85	1
1732139494297	-16.5296309	-68.0690141	86	1	89	1
1732139500234	-16.5296309	-68.0690141	86	1	87	1
1732139507358	-16.5296309	-68.0690141	86	1	91	1
1732139514086	-16.5296309	-68.0690141	86	1	6	1
1732139518341	-16.5296309	-68.0690141	86	1	90	1
1732139524279	-16.5296309	-68.0690141	86	1	88	1
1732139530217	-16.5296309	-68.0690141	86	1	6	1
1732139536272	-16.5296486	-68.0689912	86	1	8	0
1732139542400	-16.5296311	-68.0690139	86	1	8	0
1732139548417	-16.5296309	-68.0690141	86	1	6	0
1732139554265	-16.5296309	-68.0690141	86	1	7	0
1732139560407	-16.5296309	-68.0690141	86	1	6	0
1732139566439	-16.5296309	-68.0690141	86	1	6	0
1732139573634	-16.5296309	-68.0690141	86	1	6	0
1732139580081	-16.5296309	-68.0690141	86	1	6	0
1732139584377	-16.5296309	-68.0690141	86	1	6	0
1732139590405	-16.5296309	-68.0690141	86	1	92	0
1732139597736	-16.5296309	-68.0690141	86	1	97	1
1732139604083	-16.5296309	-68.0690141	86	1	6	1
1732139609786	-16.5296309	-68.0690141	86	1	99	1
1732139616083	-16.5296309	-68.0690141	86	1	6	1
1732139620643	-16.5296309	-68.0690141	86	1	95	1
1732139626643	-16.5296578	-68.0689853	86	1	8	0
1732139632693	-16.5296306	-68.0690144	86	1	6	0
1732139638565	-16.5296309	-68.0690141	86	1	6	0
1732139645849	-16.5296309	-68.0690141	86	1	6	0
1732139652089	-16.5296309	-68.0690141	86	1	6	0
1732139656794	-16.5296309	-68.0690141	86	1	6	0
1732139662837	-16.5296309	-68.0690141	86	1	6	0
1732139668932	-16.5296505	-68.068989	86	1	8	0
1732139674917	-16.5296568	-68.0689869	86	1	8	0
1732139680655	-16.5296311	-68.0690139	86	1	8	0
1732139686811	-16.5296283	-68.0690169	86	1	99	1
1732139692868	-16.5296314	-68.0690136	86	1	100	1
1732139698881	-16.5296308	-68.0690142	86	1	101	1
1732139706094	-16.5296309	-68.0690141	86	1	7	1
1732139712101	-16.5296309	-68.0690141	86	1	7	1
1732139717121	-16.5296309	-68.0690141	86	1	7	1
1732139723052	-16.5296543	-68.0689852	86	1	8	0
1732139729083	-16.5296306	-68.0690145	86	1	6	0
1732139735145	-16.5296467	-68.0689929	86	1	10	0
1732139741068	-16.529631	-68.069014	86	1	9	0
1732139747123	-16.5296309	-68.0690141	86	1	7	0
1732139753197	-16.5296309	-68.0690141	86	1	7	0
1732139759311	-16.529652	-68.0689898	86	1	10	0
1732139766085	-16.529651	-68.068991	86	1	10	0
1732139772082	-16.5296472	-68.0689931	86	1	10	0
1732139778082	-16.5296309	-68.0690141	86	1	7	0
1732139784081	-16.529657	-68.0689869	86	1	10	1
1732139790092	-16.529631	-68.069014	86	1	7	0
1732139796078	-16.5296482	-68.0689901	86	1	11	0
1732139802083	-16.529631	-68.069014	86	1	7	0
1732139808091	-16.5296538	-68.0689868	86	1	11	0
1732139813408	-16.5296466	-68.0689934	86	1	11	0
1732139819381	-16.5296309	-68.069014	86	1	7	0
1732139825406	-16.5296563	-68.0689878	86	1	10	0
1732139831444	-16.5296546	-68.0689885	86	1	11	0
1732139837467	-16.5296549	-68.0689874	86	1	10	0
1732139844090	-16.5296549	-68.0689874	86	1	10	0
1732139850071	-16.5296562	-68.0689816	86	1	11	0
1732139856081	-16.5296309	-68.069014	86	1	7	1
1732139862073	-16.5296309	-68.0690142	86	1	7	1
1732139868090	-16.5296309	-68.0690141	86	1	7	1
1732139874083	-16.5296309	-68.0690141	86	1	7	1
1732139880083	-16.5296309	-68.0690141	86	1	7	1
1732139886069	-16.5296309	-68.0690141	86	1	7	1
1732139891814	-16.5296309	-68.0690141	86	1	7	1
1732139897656	-16.5296309	-68.0690141	86	1	7	1
1732139903709	-16.5296309	-68.0690141	86	1	7	1
1732139910087	-16.5296309	-68.0690141	86	1	7	1
1732139916095	-16.5296545	-68.0689852	86	1	10	0
1732139921907	-16.5296528	-68.0689911	86	1	10	0
1732139927953	-16.529639	-68.0690069	86	1	122	0
1732139934085	-16.5296309	-68.0690141	86	1	7	0
1732139940082	-16.5296309	-68.0690141	86	1	7	0
1732139945882	-16.5296309	-68.0690141	86	1	121	0
1732139952048	-16.5296309	-68.0690141	86	1	123	0
1732139958100	-16.5296309	-68.0690141	86	1	7	0
1732139964091	-16.5296309	-68.0690141	86	1	7	0
1732139969939	-16.5296309	-68.0690141	86	1	122	0
1732139975980	-16.5296309	-68.0690141	86	1	123	0
1732139982080	-16.5296309	-68.0690141	86	1	7	1
1732139988086	-16.5296309	-68.0690141	86	1	7	1
1732139994087	-16.5296309	-68.0690141	86	1	7	1
1732140000080	-16.5296309	-68.0690141	86	1	7	1
1732140005988	-16.5296309	-68.0690141	86	1	123	1
1732140012074	-16.5296309	-68.0690141	86	1	7	1
1732140018040	-16.5296309	-68.0690141	86	1	7	1
1732140024089	-16.5296309	-68.0690141	86	1	7	1
1732140030084	-16.5296309	-68.0690141	86	1	7	1
1732140036076	-16.5296309	-68.0690141	86	1	7	1
1732140042088	-16.5296309	-68.0690141	86	1	7	1
1732140048089	-16.5296309	-68.0690141	86	1	7	1
1732140054084	-16.5296309	-68.0690141	86	1	7	1
1732140060111	-16.5296309	-68.0690141	86	1	7	1
1732140066084	-16.5296309	-68.0690141	86	1	7	1
1732140072085	-16.5296309	-68.0690141	86	1	7	1
1732140078088	-16.5296309	-68.0690141	86	1	7	1
1732140084090	-16.5296309	-68.0690141	86	1	7	1
1732140090078	-16.5296309	-68.0690141	86	1	7	1
1732140096090	-16.5296309	-68.0690141	86	1	7	1
1732140102082	-16.5296309	-68.0690141	86	1	7	1
1732140108096	-16.5296309	-68.0690141	86	1	7	1
1732140114086	-16.5296309	-68.0690141	86	1	7	1
1732140120081	-16.5296309	-68.0690141	86	1	7	1
1732140126074	-16.5296309	-68.0690141	86	1	7	1
1732140132094	-16.5296309	-68.0690141	86	1	7	1
1732140138085	-16.5296309	-68.0690141	86	1	7	1
1732140144091	-16.5296309	-68.0690141	86	1	18	1
1732140150088	-16.5296309	-68.0690141	86	1	7	1
1732140156096	-16.5296309	-68.0690141	86	1	7	1
1732140162094	-16.5296309	-68.0690141	86	1	7	1
1732140168087	-16.5296309	-68.0690141	86	1	7	1
1732140174092	-16.5296309	-68.0690141	86	1	7	1
1732140180087	-16.5296309	-68.0690141	86	1	7	1
1732140186091	-16.5296309	-68.0690141	86	1	7	1
1732140192068	-16.5296309	-68.0690141	86	1	7	1
1732140198075	-16.5296309	-68.0690141	86	1	21	1
1732140204078	-16.5296309	-68.0690141	86	1	7	1
1732140210045	-16.5296309	-68.0690141	86	1	25	1
1732140216034	-16.5296309	-68.0690141	86	1	7	1
1732140222036	-16.5296309	-68.0690141	86	1	22	1
1732140228037	-16.5296309	-68.0690141	86	1	7	1
1732140234033	-16.5296309	-68.0690141	86	1	7	1
1732140240061	-16.5296309	-68.0690141	86	1	7	1
1732140282432	-16.5296238	-68.0690098	85	1	17	1
1732140291980	-16.5296366	-68.0689657	85	1	12	0
1732140302836	-16.5296646	-68.0689699	85	1	18	0
1732140308819	-16.529647	-68.0689766	85	1	14	0
1732140314098	-16.5296468	-68.0689765	85	1	16	0
1732140320093	-16.5296187	-68.0690093	85	1	18	0
1732140326095	-16.5296681	-68.0689044	85	1	42	0
1732140332084	-16.5297033	-68.0689288	85	1	39	0
1732140338090	-16.5297405	-68.0690435	85	1	39	0
1732140344093	-16.5296538	-68.0690579	85	1	38	0
1732140350093	-16.5296952	-68.0690282	85	1	35	0
1732140356095	-16.5297051	-68.0688933	85	1	35	0
1732140362089	-16.5296902	-68.0689874	85	1	35	0
1732140368084	-16.5296909	-68.0689726	85	1	36	0
1732140374087	-16.5296951	-68.0688657	85	1	35	0
1732140380083	-16.5297384	-68.0690006	85	1	36	0
1732140386091	-16.5296973	-68.0686309	85	1	37	0
1732140392087	-16.5296374	-68.0685214	85	1	38	0
1732140399086	-16.5297374	-68.0688926	85	1	33	0
1732140404088	-16.5296972	-68.0688206	85	1	33	0
1732140410089	-16.5296707	-68.0689491	85	1	36	0
1732140416103	-16.5297303	-68.0692281	85	1	40	0
1732140422089	-16.5297246	-68.0690062	85	1	33	0
1732140428092	-16.5297298	-68.0688998	85	1	38	0
1732140434087	-16.5297085	-68.0688999	85	1	41	0
1732140440098	-16.529696	-68.0690657	85	1	32	0
1732140446097	-16.5297879	-68.0691412	85	1	34	0
1732140452092	-16.52973	-68.0689575	85	1	44	0
1732140458108	-16.5296413	-68.068705	85	1	42	0
1732140464098	-16.5296439	-68.0686985	85	1	40	0
1732140470094	-16.5296481	-68.068709	85	1	41	0
1732140476083	-16.5296415	-68.0687249	85	1	37	0
1732140482098	-16.529641	-68.0687258	85	1	33	0
1732140488089	-16.5296411	-68.0687254	85	1	34	0
1732140494091	-16.5296411	-68.0687254	85	1	33	0
1732140500097	-16.529642	-68.0687406	85	1	33	0
1732140506098	-16.5296429	-68.0687425	85	1	31	0
1732140512097	-16.5296429	-68.068742	85	1	31	0
1732140518096	-16.5296447	-68.0687504	85	1	30	0
1732140524069	-16.5296459	-68.0687513	85	1	31	0
1732140530098	-16.5296459	-68.0687512	85	1	30	0
1732140536097	-16.5296459	-68.0687512	85	1	54	0
1732140542101	-16.5296459	-68.0687512	85	1	29	1
1732140548094	-16.5296459	-68.0687512	85	1	53	1
1732140554094	-16.5296459	-68.0687512	85	1	29	1
1732140557165	-16.5296459	-68.0687512	85	1	87	1
1732140560103	-16.5296493	-68.0687481	85	1	28	1
1732140566085	-16.5296495	-68.0687479	85	1	27	1
1732140569075	-16.5296496	-68.0687478	85	1	81	1
1732140572094	-16.5296494	-68.068748	85	1	26	1
1732140578087	-16.5296494	-68.068748	85	1	26	1
1732140584103	-16.5296494	-68.068748	85	1	27	1
1732140590089	-16.5296494	-68.068748	85	1	27	1
1732140596093	-16.5296559	-68.0687503	85	1	47	1
1732140602093	-16.5296565	-68.0687509	85	1	25	1
1732140608101	-16.5296586	-68.068741	85	1	47	1
1732140614091	-16.5296599	-68.06874	85	1	27	1
1732140620096	-16.5296599	-68.0687403	85	1	46	1
1732140626088	-16.5296599	-68.0687403	85	1	43	1
1732140632088	-16.5296599	-68.0687403	85	1	47	1
1732140638095	-16.5296599	-68.0687403	85	1	26	1
1732140644088	-16.5296599	-68.0687403	85	1	27	1
1732140650091	-16.5296599	-68.0687403	85	1	24	1
1732140656097	-16.5296599	-68.0687403	85	1	26	1
1732140662085	-16.5296599	-68.0687403	85	1	24	1
1732140668099	-16.5296599	-68.0687403	85	1	25	1
1732140674097	-16.5296599	-68.0687403	85	1	26	1
1732140680093	-16.5296627	-68.0687528	85	1	27	1
1732140686097	-16.5296627	-68.0687538	85	1	23	1
1732140692099	-16.5296626	-68.0687535	85	1	24	1
1732140698095	-16.5296626	-68.0687535	85	1	25	1
1732140701583	-16.5296626	-68.0687535	85	1	27	1
1732140704082	-16.5296626	-68.0687535	85	1	26	1
1732140710094	-16.5296588	-68.0687597	85	1	24	1
1732140716091	-16.5296568	-68.0687609	85	1	25	1
1732140722092	-16.5296567	-68.0687609	85	1	26	1
1732140728083	-16.5296567	-68.0687609	85	1	24	1
1732140731713	-16.5296567	-68.0687609	85	1	24	1
1732140734104	-16.5296567	-68.0687609	85	1	24	1
1732140740088	-16.5296567	-68.0687609	85	1	21	1
1732140746095	-16.5296567	-68.0687609	85	1	23	1
1732140752088	-16.5296567	-68.0687609	85	1	24	1
1732140758072	-16.5296567	-68.0687609	85	1	22	1
1732140761822	-16.5296567	-68.0687609	85	1	24	1
1732140764094	-16.5296567	-68.0687609	85	1	23	1
1732140770093	-16.5296567	-68.0687609	85	1	21	1
1732140776094	-16.5296567	-68.0687609	85	1	23	1
1732140782089	-16.5296567	-68.0687609	85	1	22	1
1732140788082	-16.5296567	-68.0687609	85	1	24	1
1732140794088	-16.5296567	-68.0687609	85	1	24	1
1732140796953	-16.5296567	-68.0687609	85	1	24	1
1732140800093	-16.5296567	-68.0687609	85	1	24	1
1732140803989	-16.5296567	-68.0687609	85	1	24	1
1732140806075	-16.5296567	-68.0687609	85	1	24	1
1732140812087	-16.5296567	-68.0687609	85	1	20	1
1732140818096	-16.5296622	-68.0687943	85	1	22	0
1732140822107	-16.5296628	-68.0687979	85	1	21	0
1732140824106	-16.5296626	-68.0687964	85	1	21	0
1732140830085	-16.5296625	-68.0687959	85	1	19	0
1732140836093	-16.5296625	-68.0687959	85	1	21	0
1732140840067	-16.5296625	-68.0687959	85	1	21	0
1732140842093	-16.5296625	-68.0687959	85	1	21	0
1732140848098	-16.5296625	-68.0687959	85	1	18	0
1732140850945	-16.5296625	-68.0687959	85	1	20	0
1732140854095	-16.5296625	-68.0687959	85	1	21	0
1732140858221	-16.5296625	-68.0687959	85	1	22	0
1732140860095	-16.5296625	-68.0687959	85	1	21	0
1732140866095	-16.5296625	-68.0687959	85	1	20	0
1732140870257	-16.5296625	-68.0687959	85	1	22	0
1732140872090	-16.5296625	-68.0687959	85	1	21	0
1732140878095	-16.5296625	-68.0687959	85	1	18	0
1732140882299	-16.5296625	-68.0687959	85	1	81	1
1732140884084	-16.5296625	-68.0687959	85	1	19	1
1732140890102	-16.5296625	-68.0687959	85	1	20	1
1732140894360	-16.5296625	-68.0687959	85	1	87	1
1732140902103	-16.5296625	-68.0687959	85	1	19	1
1732140905232	-16.5296625	-68.0687959	85	1	82	1
1732140908104	-16.5296625	-68.0687959	85	1	18	1
1732140911254	-16.5296625	-68.0687959	85	1	79	1
1732140914104	-16.5296625	-68.0687959	85	1	19	1
1732140917233	-16.5296625	-68.0687959	85	1	79	1
1732140920098	-16.5296625	-68.0687959	85	1	18	1
1732140923227	-16.5296625	-68.0687959	85	1	79	1
1732140926094	-16.5296625	-68.0687959	85	1	18	1
1732140929376	-16.5296625	-68.0687959	85	1	82	1
1732140932100	-16.5296625	-68.0687959	85	1	18	1
1732140935281	-16.5296625	-68.0687959	85	1	80	1
1732140938090	-16.5296625	-68.0687959	85	1	18	1
1732140941244	-16.5296625	-68.0687959	85	1	79	1
1732140944088	-16.5296625	-68.0687959	85	1	11	1
1732140947234	-16.5296625	-68.0687959	85	1	71	1
1732140950095	-16.5296625	-68.0687959	85	1	11	1
1732140953469	-16.5296625	-68.0687959	85	1	76	1
1732140956092	-16.5296625	-68.0687959	85	1	11	1
1732140959402	-16.5296625	-68.0687959	85	1	75	1
1732140962093	-16.5296625	-68.0687959	85	1	11	1
1732140965274	-16.5296625	-68.0687959	85	1	74	1
1732140968101	-16.5296625	-68.0687959	85	1	11	1
1732140971363	-16.5296625	-68.0687959	85	1	75	1
1732140974094	-16.5296625	-68.0687959	85	1	11	1
1732140977289	-16.5296625	-68.0687959	85	1	73	1
1732140980097	-16.5296625	-68.0687959	85	1	11	1
1732140983478	-16.5296625	-68.0687959	85	1	76	1
1732140986083	-16.5296625	-68.0687959	85	1	11	1
1732140989603	-16.5296625	-68.0687959	85	1	79	1
1732140995441	-16.5296625	-68.0687959	85	1	75	1
1732140998089	-16.5296625	-68.0687959	85	1	11	1
1732141001590	-16.5296625	-68.0687959	85	1	78	1
1732141007427	-16.5296625	-68.0687959	85	1	75	1
1732141010093	-16.5296625	-68.0687959	85	1	11	1
1732141013672	-16.5296625	-68.0687959	85	1	80	1
1732141019582	-16.5296625	-68.0687959	85	1	79	1
1732141025534	-16.5296625	-68.0687959	85	1	78	1
1732141031570	-16.5296625	-68.0687959	85	1	78	1
1732141037538	-16.5296625	-68.0687959	85	1	77	1
1732141043663	-16.5296625	-68.0687959	85	1	80	1
1732141049618	-16.5296625	-68.0687959	85	1	79	1
1732141055651	-16.5296625	-68.0687959	85	1	80	1
1732141061688	-16.5296625	-68.0687959	85	1	80	1
1732141067695	-16.5296625	-68.0687959	85	1	82	1
1732141073774	-16.5296625	-68.0687959	85	1	83	1
1732141079807	-16.5296625	-68.0687959	85	1	84	1
1732141085760	-16.5296625	-68.0687959	85	1	82	1
1732141091886	-16.5296625	-68.0687959	85	1	85	1
1732141098050	-16.5296625	-68.0687959	85	1	88	1
1732141103945	-16.5296625	-68.0687959	85	1	87	1
1732141109883	-16.5296625	-68.0687959	85	1	85	1
1732141115831	-16.5296625	-68.0687959	85	1	83	1
1732141122004	-16.5296625	-68.0687959	85	1	87	1
1732141128137	-16.5296625	-68.0687959	85	1	90	1
1732141133972	-16.5296625	-68.0687959	85	1	87	1
1732141139994	-16.5296625	-68.0687959	85	1	87	1
1732141145976	-16.5296625	-68.0687959	85	1	86	1
1732141152221	-16.5296625	-68.0687959	85	1	91	1
1732141159384	-16.5296625	-68.0687959	85	1	94	1
1732141166092	-16.5296625	-68.0687959	85	1	11	1
1732141170131	-16.5296625	-68.0687959	85	1	89	1
1732141176133	-16.5296625	-68.0687959	85	1	90	1
1732141182230	-16.5296625	-68.0687959	85	1	91	1
1732141188344	-16.5296625	-68.0687959	85	1	94	1
1732141194272	-16.5296625	-68.0687959	85	1	93	1
1732141200224	-16.5296625	-68.0687959	85	1	92	1
1732141206264	-16.5296625	-68.0687959	85	1	92	1
1732141212176	-16.5296625	-68.0687959	85	1	91	1
1732141218458	-16.5296625	-68.0687959	85	1	96	1
1732141224270	-16.5296625	-68.0687959	85	1	93	1
1732141230323	-16.5296625	-68.0687959	85	1	94	1
1732141236270	-16.5296625	-68.0687959	85	1	92	1
1732141242277	-16.5296625	-68.0687959	85	1	93	1
1732141248342	-16.5296625	-68.0687959	85	1	94	1
1732141254495	-16.5296625	-68.0687959	85	1	97	1
1732141260453	-16.5296625	-68.0687959	85	1	96	1
1732141263085	-16.5296625	-68.0687959	85	1	11	1
1732141266494	-16.5296625	-68.0687959	85	1	75	1
1732141269184	-16.5296625	-68.0687959	85	1	11	1
1732141275182	-16.5296625	-68.0687959	85	1	11	1
1732141281235	-16.5296625	-68.0687959	85	1	31	1
1732141287236	-16.5296625	-68.0687959	85	1	33	1
1732141293234	-16.5296625	-68.0687959	85	1	31	1
1732141299231	-16.5296625	-68.0687959	85	1	34	1
1732141305221	-16.5296625	-68.0687959	85	1	32	1
1732141311225	-16.5296625	-68.0687959	85	1	34	1
1732141317226	-16.5296625	-68.0687959	85	1	33	1
1732141323232	-16.5296625	-68.0687959	85	1	11	1
1732141329222	-16.5296625	-68.0687959	85	1	11	1
1732141335232	-16.5296625	-68.0687959	85	1	33	1
1732141341230	-16.5296625	-68.0687959	85	1	35	1
1732141347236	-16.5296625	-68.0687959	85	1	35	1
1732141353238	-16.5296625	-68.0687959	85	1	33	1
1732141359238	-16.5296625	-68.0687959	85	1	11	1
1732141365237	-16.5296625	-68.0687959	85	1	34	1
1732141371250	-16.5296625	-68.0687959	85	1	33	1
1732141377251	-16.5296625	-68.0687959	85	1	35	1
1732141383259	-16.5296625	-68.0687959	84	1	35	1
1732141389264	-16.5296625	-68.0687959	84	1	35	1
1732141395273	-16.5296625	-68.0687959	84	1	35	1
1732141401270	-16.5296625	-68.0687959	84	1	34	1
1732141405132	-16.5296625	-68.0687959	84	1	67	1
1732141407267	-16.5296625	-68.0687959	84	1	11	1
1732141413281	-16.5296625	-68.0687959	84	1	11	1
1732141419283	-16.5296625	-68.0687959	84	1	11	1
1732141422137	-16.5296625	-68.0687959	84	1	66	1
1732141425292	-16.5296625	-68.0687959	84	1	11	1
1732141429234	-16.5296625	-68.0687959	84	1	68	1
1732141431290	-16.5296625	-68.0687959	84	1	11	1
1732141437290	-16.5296625	-68.0687959	84	1	11	1
1732141441233	-16.5296625	-68.0687959	84	1	68	1
1732141443302	-16.5296625	-68.0687959	84	1	11	1
1732141449297	-16.5296625	-68.0687959	84	1	11	1
1732141455314	-16.5296625	-68.0687959	84	1	11	1
1732141458159	-16.5296625	-68.0687959	84	1	65	1
1732141461321	-16.5296625	-68.0687959	84	1	11	1
1732141464269	-16.5296625	-68.0687959	84	1	68	1
1732141467317	-16.5296625	-68.0687959	84	1	11	1
1732141473323	-16.5296625	-68.0687959	84	1	11	1
1732141476180	-16.5296625	-68.0687959	84	1	66	1
1732141479328	-16.5296625	-68.0687959	84	1	11	1
1732141482157	-16.5296625	-68.0687959	84	1	65	1
1732141485324	-16.5296625	-68.0687959	84	1	11	1
1732141489447	-16.5296625	-68.0687959	84	1	72	1
1732141491335	-16.5296625	-68.0687959	84	1	11	1
1732141497321	-16.5296625	-68.0687959	84	1	11	1
1732141501486	-16.5296625	-68.0687959	84	1	71	1
1732141503343	-16.5296625	-68.0687959	84	1	11	1
1732141509343	-16.5296625	-68.0687959	84	1	11	1
1732141512244	-16.5296625	-68.0687959	84	1	67	1
1732141515346	-16.5296625	-68.0687959	84	1	11	1
1732141518279	-16.5296625	-68.0687959	84	1	67	1
1732141521350	-16.5296625	-68.0687959	84	1	11	1
1732141525611	-16.5296625	-68.0687959	84	1	74	1
1732141527357	-16.5296625	-68.0687959	84	1	11	1
1732141533363	-16.5296625	-68.0687959	84	1	11	1
1732141537638	-16.5296625	-68.0687959	84	1	74	1
1732141539363	-16.5296625	-68.0687959	84	1	11	1
1732141545369	-16.5296625	-68.0687959	84	1	11	1
1732141548613	-16.5296625	-68.0687959	84	1	73	1
1732141551367	-16.5296625	-68.0687959	84	1	11	1
1732141554645	-16.5296625	-68.0687959	84	1	74	1
1732141557377	-16.5296625	-68.0687959	84	1	11	1
1732141560584	-16.5296625	-68.0687959	84	1	73	1
1732141563381	-16.5296625	-68.0687959	84	1	11	1
1732141566520	-16.5296625	-68.0687959	84	1	71	1
1732141569385	-16.5296625	-68.0687959	84	1	11	1
1732141572637	-16.5296625	-68.0687959	84	1	74	1
1732141575390	-16.5296625	-68.0687959	84	1	11	1
1732141578591	-16.5296625	-68.0687959	84	1	73	1
1732141581389	-16.5296625	-68.0687959	84	1	11	1
1732141584743	-16.5296625	-68.0687959	84	1	76	1
1732141587393	-16.5296625	-68.0687959	84	1	11	1
1732141590563	-16.5296625	-68.0687959	84	1	72	1
1732141593382	-16.5296625	-68.0687959	84	1	11	1
1732141596624	-16.5296625	-68.0687959	84	1	73	1
1732141599398	-16.5296625	-68.0687959	84	1	11	1
1732141602627	-16.5296625	-68.0687959	84	1	73	1
1732141605402	-16.5296625	-68.0687959	84	1	11	1
1732141608809	-16.5296625	-68.0687959	84	1	77	1
1732141614662	-16.5296625	-68.0687959	84	1	73	1
1732141617412	-16.5296625	-68.0687959	84	1	11	1
1732141620589	-16.5296625	-68.0687959	84	1	72	1
1732141623411	-16.5296625	-68.0687959	84	1	11	1
1732141626693	-16.5296625	-68.0687959	84	1	74	1
1732141629402	-16.5296625	-68.0687959	84	1	11	1
1732141632879	-16.5296625	-68.0687959	84	1	78	1
1732141638808	-16.5296625	-68.0687959	84	1	77	1
1732141644756	-16.5296625	-68.0687959	84	1	75	1
1732141647420	-16.5296625	-68.0687959	84	1	11	1
1732141650915	-16.5296625	-68.0687959	84	1	78	1
1732141656943	-16.5296625	-68.0687959	84	1	79	1
1732141662890	-16.5296625	-68.0687959	84	1	78	1
1732141668929	-16.5296625	-68.0687959	84	1	78	1
1732141675073	-16.5296625	-68.0687959	84	1	81	1
1732141681108	-16.5296625	-68.0687959	84	1	82	1
1732141687059	-16.5296625	-68.0687959	84	1	81	1
1732141693081	-16.5296625	-68.0687959	84	1	81	1
1732141698909	-16.5296625	-68.0687959	84	1	78	1
1732141705074	-16.5296625	-68.0687959	84	1	81	1
1732141710901	-16.5296625	-68.0687959	84	1	78	1
1732141717161	-16.5296625	-68.0687959	84	1	82	1
1732141723088	-16.5296625	-68.0687959	84	1	81	1
1732141729026	-16.5296625	-68.0687959	84	1	80	1
1732141735024	-16.5296625	-68.0687959	84	1	80	1
1732141740977	-16.5296625	-68.0687959	84	1	79	1
1732141747159	-16.5296625	-68.0687959	84	1	82	1
1732141753283	-16.5296625	-68.0687959	84	1	85	1
1732141759143	-16.5296625	-68.0687959	84	1	82	1
1732141765074	-16.5296625	-68.0687959	84	1	80	1
1732141771123	-16.5296625	-68.0687959	84	1	81	1
1732141777164	-16.5296625	-68.0687959	84	1	82	1
1732141783215	-16.5296625	-68.0687959	84	1	83	1
1732141789450	-16.5296625	-68.0687959	84	1	88	1
1732141795233	-16.5296625	-68.0687959	84	1	84	1
1732141801223	-16.5296625	-68.0687959	84	1	83	1
1732141807481	-16.5296625	-68.0687959	84	1	88	1
1732141813414	-16.5296625	-68.0687959	84	1	87	1
1732141819336	-16.5296625	-68.0687959	84	1	85	1
1732141826672	-16.5296625	-68.0687959	84	1	92	1
1732141833507	-16.5296625	-68.0687959	84	1	11	1
1732141837440	-16.5296625	-68.0687959	84	1	87	1
1732141843504	-16.5296625	-68.0687959	84	1	89	1
1732141849663	-16.5296625	-68.0687959	84	1	91	1
1732141855494	-16.5296625	-68.0687959	84	1	88	1
1732141861396	-16.5296625	-68.0687959	84	1	87	1
1732141867597	-16.5296625	-68.0687959	84	1	90	1
1732141873715	-16.5296625	-68.0687959	84	1	93	1
1732141879671	-16.5296625	-68.0687959	84	1	91	1
1732141885599	-16.5296625	-68.0687959	84	1	90	1
1732141891657	-16.5296625	-68.0687959	84	1	91	1
1732141897683	-16.5296625	-68.0687959	84	1	92	1
1732141903821	-16.5296625	-68.0687959	84	1	94	1
1732141909773	-16.5296625	-68.0687959	84	1	93	1
1732141915615	-16.5296625	-68.0687959	84	1	90	1
1732141921633	-16.5296625	-68.0687959	84	1	91	1
1732141927692	-16.5296625	-68.0687959	84	1	91	1
1732141933827	-16.5296625	-68.0687959	84	1	94	1
1732141939875	-16.5296625	-68.0687959	84	1	95	1
1732141945808	-16.5296625	-68.0687959	84	1	94	1
1732141951826	-16.5296625	-68.0687959	84	1	95	1
1732141957900	-16.5296625	-68.0687959	84	1	95	1
1732141964038	-16.5296625	-68.0687959	84	1	98	1
1732141971231	-16.5296625	-68.0687959	84	1	101	1
1732141977564	-16.5296625	-68.0687959	84	1	11	1
1732141981978	-16.5296625	-68.0687959	84	1	96	1
1732141987967	-16.5296625	-68.0687959	84	1	97	1
1732141994048	-16.5296625	-68.0687959	84	1	98	1
1732141999950	-16.5296625	-68.0687959	84	1	96	1
1732142006033	-16.5296625	-68.0687959	84	1	98	1
1732142012118	-16.5296625	-68.0687959	84	1	100	1
1732142018230	-16.5296625	-68.0687959	84	1	101	1
1732142024150	-16.5296625	-68.0687959	84	1	100	1
1732142030266	-16.5296625	-68.0687959	84	1	103	1
1732142037428	-16.5296625	-68.0687959	84	1	106	1
1732142043585	-16.5296625	-68.0687959	84	1	11	1
1732142048423	-16.5296625	-68.0687959	84	1	105	1
1732142054362	-16.5296625	-68.0687959	84	1	104	1
1732142061507	-16.5296625	-68.0687959	84	1	107	1
1732142067596	-16.5296625	-68.0687959	84	1	11	1
1732142072180	-16.5296625	-68.0687959	84	1	100	1
1732142078164	-16.5296625	-68.0687959	84	1	100	1
1732142084310	-16.5296625	-68.0687959	84	1	103	1
1732142090283	-16.5296625	-68.0687959	84	1	102	1
1732142096514	-16.5296625	-68.0687959	84	1	107	1
1732142102240	-16.5296625	-68.0687959	84	1	101	1
1732142109627	-16.5296625	-68.0687959	84	1	11	1
1732142115634	-16.5296625	-68.0687959	84	1	11	1
1732142120516	-16.5296625	-68.0687959	84	1	106	1
1732142126664	-16.5296625	-68.0687959	84	1	109	1
1732142132609	-16.5296625	-68.0687959	84	1	108	1
1732142138640	-16.5296625	-68.0687959	84	1	109	1
1732142144656	-16.5296625	-68.0687959	84	1	109	1
1732142150672	-16.5296625	-68.0687959	84	1	109	1
1732142156727	-16.5296625	-68.0687959	84	1	110	1
1732142162684	-16.5296625	-68.0687959	84	1	109	1
1732142168713	-16.5296625	-68.0687959	84	1	110	1
1732142175650	-16.5296625	-68.0687959	84	1	11	1
1732142181659	-16.5296625	-68.0687959	84	1	11	1
1732142186937	-16.5296625	-68.0687959	84	1	114	1
1732142192919	-16.5296625	-68.0687959	84	1	114	1
1732142198946	-16.5296625	-68.0687959	84	1	114	1
1732142204735	-16.5296625	-68.0687959	84	1	110	1
1732142210836	-16.5296625	-68.0687959	84	1	112	1
1732142216874	-16.5296625	-68.0687959	84	1	113	1
1732142222803	-16.5296625	-68.0687959	84	1	111	1
1732142229124	-16.5296625	-68.0687959	84	1	118	1
1732142234893	-16.5296625	-68.0687959	84	1	113	1
1732142240903	-16.5296625	-68.0687959	84	1	113	1
1732142246953	-16.5296625	-68.0687959	84	1	114	1
1732142253081	-16.5296625	-68.0687959	84	1	117	1
1732142259063	-16.5296625	-68.0687959	84	1	116	1
1732142265157	-16.5296625	-68.0687959	84	1	118	1
1732142271248	-16.5296625	-68.0687959	84	1	120	1
1732142277072	-16.5296625	-68.0687959	84	1	117	1
1732142283237	-16.5296625	-68.0687959	84	1	119	1
1732142289219	-16.5296625	-68.0687959	84	1	120	1
1732142295336	-16.5296625	-68.0687959	84	1	122	1
1732142301242	-16.5296625	-68.0687959	84	1	120	1
1732142307217	-16.5296625	-68.0687959	84	1	119	1
1732142313375	-16.5296625	-68.0687959	84	1	123	1
1732142319167	-16.5296625	-68.0687959	84	1	118	1
1732142325229	-16.5296625	-68.0687959	84	1	119	1
1732142331165	-16.5296625	-68.0687959	84	1	118	1
1732142337209	-16.5296625	-68.0687959	84	1	119	1
1732142343285	-16.5296625	-68.0687959	84	1	121	1
1732142349376	-16.5296625	-68.0687959	84	1	122	1
1732142355222	-16.5296625	-68.0687959	84	1	119	1
1732142361360	-16.5296625	-68.0687959	84	1	122	1
1732142367499	-16.5296625	-68.0687959	84	1	125	1
1732142373331	-16.5296625	-68.0687959	84	1	121	1
1732142379490	-16.5296625	-68.0687959	84	1	124	1
1732142385702	-16.5296625	-68.0687959	84	1	11	1
1732142391703	-16.5296625	-68.0687959	84	1	11	1
1732142397602	-16.5296625	-68.0687959	84	1	127	1
1732142403660	-16.5296625	-68.0687959	84	1	127	1
1732142409717	-16.5296625	-68.0687959	84	1	11	1
1732142415711	-16.5296625	-68.0687959	84	1	11	1
1732142421537	-16.5296625	-68.0687959	84	1	125	1
1732142427720	-16.5296625	-68.0687959	84	1	11	1
1732142433724	-16.5296625	-68.0687959	84	1	11	1
1732142439726	-16.5296625	-68.0687959	84	1	11	1
1732142445728	-16.5296625	-68.0687959	84	1	11	1
1732142451675	-16.5296625	-68.0687959	84	1	127	1
1732142457730	-16.5296625	-68.0687959	84	1	128	1
1732142463654	-16.5296625	-68.0687959	84	1	127	1
1732142469724	-16.5296625	-68.0687959	84	1	128	1
1732142475729	-16.5296625	-68.0687959	84	1	129	1
1732142481740	-16.5296625	-68.0687959	84	1	11	1
1732142487698	-16.5296625	-68.0687959	84	1	127	1
1732142493760	-16.5296625	-68.0687959	84	1	11	1
1732142499755	-16.5296625	-68.0687959	84	1	11	1
1732142505757	-16.5296625	-68.0687959	84	1	11	1
1732142511756	-16.5296625	-68.0687959	84	1	11	1
1732142517781	-16.5296625	-68.0687959	84	1	11	1
1732142523788	-16.5296625	-68.0687959	84	1	11	1
1732142529777	-16.5296625	-68.0687959	84	1	11	1
1732142535797	-16.5296625	-68.0687959	84	1	11	1
1732142541808	-16.5296625	-68.0687959	84	1	11	1
1732142547812	-16.5296625	-68.0687959	84	1	11	1
1732142553818	-16.5296625	-68.0687959	84	1	11	1
1732142559822	-16.5296625	-68.0687959	84	1	11	1
1732142565838	-16.5296625	-68.0687959	84	1	11	1
1732142571836	-16.5296625	-68.0687959	84	1	11	1
1732142577843	-16.5296625	-68.0687959	84	1	11	1
1732142583841	-16.5296625	-68.0687959	84	1	11	1
1732142589843	-16.5296625	-68.0687959	84	1	11	1
1732142595852	-16.5296625	-68.0687959	84	1	11	1
1732142601862	-16.5296625	-68.0687959	84	1	11	1
1732142607868	-16.5296625	-68.0687959	84	1	11	1
1732142613868	-16.5296625	-68.0687959	84	1	11	1
1732142619871	-16.5296625	-68.0687959	84	1	11	1
1732142625886	-16.5296625	-68.0687959	84	1	11	1
1732142631889	-16.5296625	-68.0687959	84	1	11	1
1732142637895	-16.5296625	-68.0687959	84	1	11	1
1732142643903	-16.5296625	-68.0687959	84	1	11	1
1732142649908	-16.5296625	-68.0687959	84	1	11	1
1732142655916	-16.5296625	-68.0687959	84	1	11	1
1732142661915	-16.5296625	-68.0687959	84	1	11	1
1732142667925	-16.5296625	-68.0687959	84	1	11	1
1732142673930	-16.5296625	-68.0687959	84	1	11	1
1732142679933	-16.5296625	-68.0687959	84	1	11	1
1732142685935	-16.5296625	-68.0687959	84	1	11	1
1732142691939	-16.5296625	-68.0687959	84	1	11	1
1732142697949	-16.5296625	-68.0687959	84	1	11	1
1732142703957	-16.5296625	-68.0687959	84	1	11	1
1732142709963	-16.5296625	-68.0687959	84	1	11	1
1732142715966	-16.5296625	-68.0687959	84	1	11	1
1732142721971	-16.5296625	-68.0687959	84	1	11	1
1732142727968	-16.5296625	-68.0687959	84	1	11	1
1732142733973	-16.5296625	-68.0687959	84	1	11	1
1732142739979	-16.5296625	-68.0687959	84	1	11	1
1732142745984	-16.5296625	-68.0687959	84	1	11	1
1732142751991	-16.5296625	-68.0687959	84	1	11	1
1732142757994	-16.5296625	-68.0687959	84	1	11	1
1732142763995	-16.5296625	-68.0687959	84	1	11	1
1732142770008	-16.5296625	-68.0687959	84	1	11	1
1732142776011	-16.5296625	-68.0687959	84	1	11	1
1732142782016	-16.5296625	-68.0687959	84	1	11	1
1732142788026	-16.5296625	-68.0687959	84	1	11	1
1732142794028	-16.5296625	-68.0687959	84	1	11	1
1732142800030	-16.5296625	-68.0687959	84	1	11	1
1732142806028	-16.5296625	-68.0687959	84	1	11	1
1732142812051	-16.5296625	-68.0687959	84	1	11	1
1732142818046	-16.5296625	-68.0687959	84	1	22	1
1732142824047	-16.5296625	-68.0687959	84	1	11	1
1732142830055	-16.5296625	-68.0687959	84	1	11	1
1732142836059	-16.5296625	-68.0687959	84	1	11	1
1732142842069	-16.5296625	-68.0687959	84	1	11	1
1732142848077	-16.5296625	-68.0687959	84	1	21	1
1732142854082	-16.5296625	-68.0687959	84	1	22	1
1732142860087	-16.5296625	-68.0687959	84	1	11	1
1732142866090	-16.5296625	-68.0687959	84	1	23	1
1732142872091	-16.5296625	-68.0687959	84	1	11	1
1732142878097	-16.5296625	-68.0687959	84	1	23	1
1732142884098	-16.5296625	-68.0687959	84	1	11	1
1732142890108	-16.5296625	-68.0687959	84	1	23	1
1732142896112	-16.5296625	-68.0687959	84	1	23	1
1732142902123	-16.5296625	-68.0687959	84	1	24	1
1732142908115	-16.5296625	-68.0687959	84	1	11	1
1732142914128	-16.5296625	-68.0687959	84	1	23	1
1732142920135	-16.5296625	-68.0687959	84	1	24	1
1732142926139	-16.5296625	-68.0687959	84	1	23	1
1732142932143	-16.5296625	-68.0687959	84	1	21	1
1732142938145	-16.5296625	-68.0687959	84	1	23	1
1732142944152	-16.5296625	-68.0687959	84	1	24	1
1732142950167	-16.5296625	-68.0687959	84	1	24	1
1732142956168	-16.5296625	-68.0687959	84	1	25	1
1732142962175	-16.5296625	-68.0687959	84	1	24	1
1732142968179	-16.5296625	-68.0687959	84	1	22	1
1732142974184	-16.5296625	-68.0687959	84	1	22	1
1732142980223	-16.5296625	-68.0687959	84	1	22	1
1732142986227	-16.5296625	-68.0687959	84	1	24	1
1732142992220	-16.5296625	-68.0687959	84	1	24	1
1732142998233	-16.5296625	-68.0687959	84	1	24	1
1732143004227	-16.5296625	-68.0687959	84	1	27	1
1732143010226	-16.5296625	-68.0687959	84	1	11	1
1732143016223	-16.5296625	-68.0687959	84	1	26	1
1732143022231	-16.5296625	-68.0687959	84	1	25	1
1732143028233	-16.5296625	-68.0687959	84	1	25	1
1732143034230	-16.5296625	-68.0687959	84	1	26	1
1732143040235	-16.5296625	-68.0687959	84	1	24	1
1732143046234	-16.5296625	-68.0687959	84	1	26	1
1732143052237	-16.5296625	-68.0687959	84	1	29	1
1732143058241	-16.5296625	-68.0687959	84	1	11	1
1732143064247	-16.5296625	-68.0687959	84	1	27	1
1732143070255	-16.5296625	-68.0687959	84	1	28	1
1732143076253	-16.5296625	-68.0687959	84	1	28	1
1732143082261	-16.5296625	-68.0687959	84	1	27	1
1732143088269	-16.5296625	-68.0687959	84	1	30	1
1732143094269	-16.5296625	-68.0687959	84	1	11	1
1732143100278	-16.5296625	-68.0687959	84	1	27	1
1732143106271	-16.5296625	-68.0687959	84	1	28	1
1732143112286	-16.5296625	-68.0687959	84	1	29	1
1732143118292	-16.5296625	-68.0687959	84	1	28	1
1732143124298	-16.5296625	-68.0687959	84	1	28	1
1732143130307	-16.5296625	-68.0687959	84	1	28	1
1732143136306	-16.5296625	-68.0687959	84	1	28	1
1732143142306	-16.5296625	-68.0687959	84	1	29	1
1732143148317	-16.5296625	-68.0687959	84	1	28	1
1732143154321	-16.5296625	-68.0687959	84	1	29	1
1732143160320	-16.5296625	-68.0687959	84	1	27	1
1732143166330	-16.5296625	-68.0687959	84	1	30	1
1732143172328	-16.5296625	-68.0687959	84	1	31	1
1732143178335	-16.5296625	-68.0687959	84	1	28	1
1732143184340	-16.5296625	-68.0687959	84	1	29	1
1732143190349	-16.5296625	-68.0687959	84	1	29	1
1732143196357	-16.5296625	-68.0687959	84	1	30	1
1732143202358	-16.5296625	-68.0687959	84	1	32	1
1732143208363	-16.5296625	-68.0687959	84	1	31	1
1732143214368	-16.5296625	-68.0687959	84	1	31	1
1732143220368	-16.5296625	-68.0687959	84	1	33	1
1732143226373	-16.5296625	-68.0687959	84	1	11	1
1732143232380	-16.5296625	-68.0687959	84	1	32	1
1732143238385	-16.5296625	-68.0687959	84	1	32	1
1732143244388	-16.5296625	-68.0687959	84	1	31	1
1732143250395	-16.5296625	-68.0687959	84	1	31	1
1732143256400	-16.5296625	-68.0687959	84	1	32	1
1732143262403	-16.5296625	-68.0687959	84	1	32	1
1732143268406	-16.5296625	-68.0687959	84	1	33	1
1732143274412	-16.5296625	-68.0687959	84	1	33	1
1732143280412	-16.5296625	-68.0687959	84	1	34	1
1732143286418	-16.5296625	-68.0687959	84	1	34	1
1732143292424	-16.5296625	-68.0687959	84	1	33	1
1732143298428	-16.5296625	-68.0687959	84	1	35	1
1732143304428	-16.5296625	-68.0687959	84	1	11	1
1732143310435	-16.5296625	-68.0687959	84	1	33	1
1732143316442	-16.5296625	-68.0687959	84	1	33	1
1732143322443	-16.5296625	-68.0687959	84	1	34	1
1732143328448	-16.5296625	-68.0687959	84	1	35	1
1732143334453	-16.5296625	-68.0687959	84	1	35	1
1732143340459	-16.5296625	-68.0687959	84	1	34	1
1732143346463	-16.5296625	-68.0687959	84	1	34	1
1732143352468	-16.5296625	-68.0687959	84	1	34	1
1732143358471	-16.5296625	-68.0687959	84	1	34	1
1732143364478	-16.5296625	-68.0687959	84	1	11	1
1732143370479	-16.5296625	-68.0687959	84	1	11	1
1732143376483	-16.5296625	-68.0687959	84	1	11	1
1732143382491	-16.5296625	-68.0687959	84	1	11	1
1732143388487	-16.5296625	-68.0687959	84	1	35	1
1732143394494	-16.5296625	-68.0687959	84	1	11	1
1732143398337	-16.5296625	-68.0687959	84	1	66	1
1732143400497	-16.5296625	-68.0687959	84	1	11	1
1732143406501	-16.5296625	-68.0687959	84	1	11	1
1732143409302	-16.5296625	-68.0687959	84	1	65	1
1732143412504	-16.5296625	-68.0687959	84	1	11	1
1732143418510	-16.5296625	-68.0687959	84	1	11	1
1732143424517	-16.5296625	-68.0687959	84	1	11	1
1732143427294	-16.5296625	-68.0687959	84	1	65	1
1732143430512	-16.5296625	-68.0687959	84	1	11	1
1732143436516	-16.5296625	-68.0687959	84	1	11	1
1732143439288	-16.5296625	-68.0687959	84	1	65	1
1732143442525	-16.5296625	-68.0687959	84	1	11	1
1732143448532	-16.5296625	-68.0687959	84	1	11	1
1732143451422	-16.5296625	-68.0687959	84	1	66	1
1732143454536	-16.5296625	-68.0687959	84	1	11	1
1732143457462	-16.5296625	-68.0687959	84	1	67	1
1732143460536	-16.5296625	-68.0687959	84	1	11	1
1732143463408	-16.5296625	-68.0687959	84	1	66	1
1732143466541	-16.5296625	-68.0687959	84	1	11	1
1732143469439	-16.5296625	-68.0687959	84	1	67	1
1732143472539	-16.5296625	-68.0687959	84	1	11	1
1732143475379	-16.5296625	-68.0687959	84	1	65	1
1732143478539	-16.5296625	-68.0687959	84	1	11	1
1732143481520	-16.5296625	-68.0687959	84	1	68	1
1732143484550	-16.5296625	-68.0687959	84	1	11	1
1732143487556	-16.5296625	-68.0687959	84	1	69	1
1732143490543	-16.5296625	-68.0687959	84	1	11	1
1732143494694	-16.5296625	-68.0687959	84	1	74	1
1732143496548	-16.5296625	-68.0687959	84	1	11	1
1732143502556	-16.5296625	-68.0687959	84	1	11	1
1732143505484	-16.5296625	-68.0687959	84	1	67	1
1732143508558	-16.5296625	-68.0687959	84	1	11	1
1732143511611	-16.5296625	-68.0687959	84	1	70	1
1732143514566	-16.5296625	-68.0687959	84	1	11	1
1732143517766	-16.5296625	-68.0687959	84	1	73	1
1732143520564	-16.5296625	-68.0687959	84	1	11	1
1732143524820	-16.5296625	-68.0687959	84	1	73	1
1732143526575	-16.5296625	-68.0687959	84	1	11	1
1732143532572	-16.5296625	-68.0687959	84	1	11	1
1732143535792	-16.5296625	-68.0687959	84	1	73	1
1732143538578	-16.5296625	-68.0687959	84	1	11	1
1732143541832	-16.5296625	-68.0687959	84	1	74	1
1732143544579	-16.5296625	-68.0687959	84	1	11	1
1732143548901	-16.5296625	-68.0687959	84	1	77	1
1732143550587	-16.5296625	-68.0687959	84	1	11	1
1732143556587	-16.5296625	-68.0687959	84	1	11	1
1732143559757	-16.5296625	-68.0687959	84	1	72	1
1732143562587	-16.5296625	-68.0687959	84	1	11	1
1732143565797	-16.5296625	-68.0687959	84	1	73	1
1732143568588	-16.5296625	-68.0687959	84	1	11	1
1732143571634	-16.5296625	-68.0687959	84	1	69	1
1732143574605	-16.5296625	-68.0687959	84	1	11	1
1732143577676	-16.5296625	-68.0687959	84	1	70	1
1732143580609	-16.5296625	-68.0687959	84	1	11	1
1732143583935	-16.5296625	-68.0687959	84	1	75	1
1732143586607	-16.5296625	-68.0687959	84	1	11	1
1732143589856	-16.5296625	-68.0687959	84	1	74	1
1732143592610	-16.5296625	-68.0687959	84	1	11	1
1732143595812	-16.5296625	-68.0687959	84	1	72	1
1732143598615	-16.5296625	-68.0687959	84	1	11	1
1732143601932	-16.5296625	-68.0687959	84	1	75	1
1732143604621	-16.5296625	-68.0687959	84	1	11	1
1732143607870	-16.5296625	-68.0687959	84	1	74	1
1732143610625	-16.5296625	-68.0687959	84	1	11	1
1732143613923	-16.5296625	-68.0687959	84	1	75	1
1732143616625	-16.5296625	-68.0687959	84	1	11	1
1732143620083	-16.5296625	-68.0687959	84	1	77	1
1732143625918	-16.5296625	-68.0687959	84	1	74	1
1732143628632	-16.5296625	-68.0687959	84	1	11	1
1732143632059	-16.5296625	-68.0687959	84	1	77	1
1732143638052	-16.5296625	-68.0687959	84	1	77	1
1732143644033	-16.5296625	-68.0687959	84	1	76	1
1732143646645	-16.5296625	-68.0687959	84	1	11	1
1732143650058	-16.5296625	-68.0687959	84	1	77	1
1732143656008	-16.5296625	-68.0687959	84	1	76	1
1732143658643	-16.5296625	-68.0687959	84	1	11	1
1732143662168	-16.5296625	-68.0687959	84	1	79	1
1732143668224	-16.5296625	-68.0687959	84	1	80	1
1732143674130	-16.5296625	-68.0687959	84	1	78	1
1732143680259	-16.5296625	-68.0687959	84	1	81	1
1732143685981	-16.5296625	-68.0687959	84	1	76	1
1732143688658	-16.5296625	-68.0687959	84	1	11	1
1732143692061	-16.5296625	-68.0687959	84	1	77	1
1732143698224	-16.5296625	-68.0687959	84	1	79	1
1732143704150	-16.5296625	-68.0687959	84	1	78	1
1732143710214	-16.5296625	-68.0687959	84	1	79	1
1732143716120	-16.5296625	-68.0687959	84	1	78	1
1732143722376	-16.5296625	-68.0687959	84	1	83	1
1732143728293	-16.5296625	-68.0687959	84	1	81	1
1732143734248	-16.5296625	-68.0687959	84	1	80	1
1732143740504	-16.5296625	-68.0687959	84	1	85	1
1732143746236	-16.5296625	-68.0687959	84	1	79	1
1732143752356	-16.5296625	-68.0687959	84	1	82	1
1732143758518	-16.5296625	-68.0687959	84	1	85	1
1732143764459	-16.5296625	-68.0687959	84	1	84	1
1732143770499	-16.5296625	-68.0687959	84	1	85	1
1732143776294	-16.5296625	-68.0687959	84	1	81	1
1732143782483	-16.5296625	-68.0687959	84	1	84	1
1732143788506	-16.5296625	-68.0687959	84	1	85	1
1732143794569	-16.5296625	-68.0687959	84	1	86	1
1732143800711	-16.5296625	-68.0687959	84	1	89	1
1732143806645	-16.5296625	-68.0687959	84	1	87	1
1732143812795	-16.5296625	-68.0687959	84	1	90	1
1732143818735	-16.5296625	-68.0687959	83	1	89	1
1732143824563	-16.5296625	-68.0687959	83	1	86	1
1732143830658	-16.5296625	-68.0687959	83	1	88	1
1732143836549	-16.5296625	-68.0687959	83	1	85	1
1732143842582	-16.5296625	-68.0687959	83	1	86	1
1732143848623	-16.5296625	-68.0687959	83	1	87	1
1732143854778	-16.5296625	-68.0687959	83	1	89	1
1732143860820	-16.5296625	-68.0687959	83	1	90	1
1732143866867	-16.5296625	-68.0687959	83	1	91	1
1732143872885	-16.5296625	-68.0687959	83	1	92	1
1732143879035	-16.5296625	-68.0687959	83	1	95	1
1732143884779	-16.5296625	-68.0687959	83	1	89	1
1732143890928	-16.5296625	-68.0687959	83	1	92	1
1732143896966	-16.5296625	-68.0687959	83	1	93	1
1732143902900	-16.5296625	-68.0687959	83	1	92	1
1732143908958	-16.5296625	-68.0687959	83	1	92	1
1732143914881	-16.5296625	-68.0687959	83	1	91	1
1732143921018	-16.5296625	-68.0687959	83	1	94	1
1732143927072	-16.5296625	-68.0687959	83	1	95	1
1732143933016	-16.5296625	-68.0687959	83	1	93	1
1732143939039	-16.5296625	-68.0687959	83	1	94	1
1732143945095	-16.5296625	-68.0687959	83	1	95	1
1732143951233	-16.5296625	-68.0687959	83	1	98	1
1732143957170	-16.5296625	-68.0687959	83	1	97	1
1732143963229	-16.5296625	-68.0687959	83	1	97	1
1732143969051	-16.5296625	-68.0687959	83	1	94	1
1732143975074	-16.5296625	-68.0687959	83	1	95	1
1732143981224	-16.5296625	-68.0687959	83	1	98	1
1732143987198	-16.5296625	-68.0687959	83	1	97	1
1732143993217	-16.5296625	-68.0687959	83	1	97	1
1732143999148	-16.5296625	-68.0687959	83	1	96	1
1732144005222	-16.5296625	-68.0687959	83	1	97	1
1732144011444	-16.5296625	-68.0687959	83	1	102	1
1732144017382	-16.5296625	-68.0687959	83	1	101	1
1732144023304	-16.5296625	-68.0687959	83	1	99	1
1732144030679	-16.5296625	-68.0687959	83	1	106	1
1732144036794	-16.5296625	-68.0687959	83	1	11	1
1732144041459	-16.5296625	-68.0687959	83	1	102	1
1732144047499	-16.5296625	-68.0687959	83	1	102	1
1732144053546	-16.5296625	-68.0687959	83	1	103	1
1732144059674	-16.5296625	-68.0687959	83	1	106	1
1732144065508	-16.5296625	-68.0687959	83	1	103	1
1732144071674	-16.5296625	-68.0687959	83	1	106	1
1732144078815	-16.5296625	-68.0687959	83	1	11	1
1732144084810	-16.5296625	-68.0687959	83	1	11	1
1732144090823	-16.5296625	-68.0687959	83	1	11	1
1732144096826	-16.5296625	-68.0687959	83	1	11	1
1732144101662	-16.5296625	-68.0687959	83	1	105	1
1732144107705	-16.5296625	-68.0687959	83	1	106	1
1732144113767	-16.5296625	-68.0687959	83	1	107	1
1732144119901	-16.5296625	-68.0687959	83	1	110	1
1732144125841	-16.5296625	-68.0687959	83	1	109	1
1732144131766	-16.5296625	-68.0687959	83	1	107	1
1732144137711	-16.5296625	-68.0687959	83	1	106	1
1732144143953	-16.5296625	-68.0687959	83	1	111	1
1732144149892	-16.5296625	-68.0687959	83	1	110	1
1732144155929	-16.5296625	-68.0687959	83	1	111	1
1732144161875	-16.5296625	-68.0687959	83	1	109	1
1732144167818	-16.5296625	-68.0687959	83	1	108	1
1732144173940	-16.5296625	-68.0687959	83	1	111	1
1732144180844	-16.5296625	-68.0687959	83	1	11	1
1732144186850	-16.5296625	-68.0687959	83	1	11	1
1732144192078	-16.5296625	-68.0687959	83	1	113	1
1732144198135	-16.5296625	-68.0687959	83	1	114	1
1732144204174	-16.5296625	-68.0687959	83	1	115	1
1732144210863	-16.5296625	-68.0687959	83	1	11	1
1732144216876	-16.5296625	-68.0687959	83	1	11	1
1732144222163	-16.5296625	-68.0687959	83	1	115	1
1732144228226	-16.5296625	-68.0687959	83	1	116	1
1732144234367	-16.5296625	-68.0687959	83	1	119	1
1732144240881	-16.5296625	-68.0687959	83	1	11	1
1732144246894	-16.5296625	-68.0687959	83	1	11	1
1732144252216	-16.5296625	-68.0687959	83	1	115	1
1732144258899	-16.5296625	-68.0687959	83	1	11	1
1732144264913	-16.5296625	-68.0687959	83	1	11	1
1732144270220	-16.5296625	-68.0687959	83	1	115	1
1732144276327	-16.5296625	-68.0687959	83	1	118	1
1732144282214	-16.5296625	-68.0687959	83	1	114	1
1732144288326	-16.5296625	-68.0687959	83	1	117	1
1732144294586	-16.5296625	-68.0687959	83	1	122	1
1732144300304	-16.5296625	-68.0687959	83	1	117	1
1732144307796	-16.5296625	-68.0687959	83	1	142	1
