1723676514834	-16.5296299	-68.0689911	82	1	13
1723676520075	-16.5296482	-68.0689746	82	1	12
1723676524977	-16.5296474	-68.0689714	82	1	12
1723676530147	-16.5296511	-68.0689698	82	1	12
1723676535038	-16.5296551	-68.068964	82	1	13
1723676539913	-16.5296461	-68.0689704	82	1	13
1723676545231	-16.5296475	-68.0689705	82	1	13
1723676550266	-16.529649	-68.0689716	82	1	13
1723676555165	-16.5296604	-68.0689657	82	1	13
1723676560331	-16.5296567	-68.0689701	82	1	13
1723676565295	-16.5296494	-68.0689695	82	1	13
1723676570391	-16.5296536	-68.068967	82	1	13
1723676575460	-16.5296488	-68.0689732	82	1	13
1723676580212	-16.5296566	-68.0689677	82	1	13
1723676585392	-16.5296495	-68.0689693	82	1	12
1723676590414	-16.5296513	-68.0689683	82	1	13
1723676595426	-16.52965	-68.0689731	82	1	13
1723676600429	-16.5296539	-68.0689675	82	1	12
1723676605480	-16.5296537	-68.0689705	82	1	13
1723676610523	-16.5296543	-68.0689743	82	1	13
1723676615486	-16.5296601	-68.0689635	82	1	13
1723676619916	-16.5296544	-68.068967	82	1	13
1723676625719	-16.5296585	-68.0689652	82	1	13
1723676630670	-16.5296527	-68.0689693	82	1	13
1723676635750	-16.5296547	-68.0689655	82	1	12
1723676639975	-16.5296629	-68.0689613	82	1	13
1723676645959	-16.5296581	-68.0689628	82	1	14
1723676650925	-16.5296611	-68.0689648	82	1	14
1723676655949	-16.5296565	-68.0689668	82	1	12
1723676661031	-16.5296532	-68.0689691	82	1	13
1723676665979	-16.5296463	-68.0689766	82	1	13
1723676668141	-16.5296463	-68.0689767	82	1	13
1723676676189	-16.5296472	-68.0689738	82	1	14
1723676679544	-16.5296489	-68.068976	82	1	14
1723676686162	-16.5296539	-68.0689682	82	1	12
1723676691240	-16.5296522	-68.0689684	82	1	13
1723676696183	-16.5296371	-68.0689684	82	1	12
1723676701384	-16.5296545	-68.0689658	82	1	12
1723676706251	-16.5296506	-68.0689687	82	1	12
1723676711305	-16.5296318	-68.0689797	82	1	13
1723676716452	-16.5296411	-68.0689796	82	1	12
1723676721468	-16.5296512	-68.0689765	82	1	14
1723676726605	-16.5296443	-68.0689788	82	1	13
1723676731932	-16.5296433	-68.0689757	82	1	13
1723676736632	-16.5296434	-68.068977	82	1	13
1723676741997	-16.5296436	-68.0689768	82	1	13
1723676746804	-16.5296397	-68.0689824	82	1	13
1723676751743	-16.5296369	-68.0689833	81	1	13
1723676757026	-16.529639	-68.0689768	81	1	13
1723676761901	-16.5296399	-68.0689794	81	1	13
1723676766834	-16.5296394	-68.0689776	81	1	13
1723676771956	-16.5296642	-68.0689632	81	1	17
1723676777086	-16.529656	-68.0689645	81	1	13
1723676782190	-16.5296477	-68.0689724	81	1	14
1723676787049	-16.5296458	-68.0689716	81	1	15
1723676792032	-16.5296474	-68.0689715	81	1	13
1723676797450	-16.5296564	-68.0689666	81	1	13
1723676802136	-16.5296516	-68.0689696	81	1	13
1723676807160	-16.5296613	-68.0689624	81	1	13
1723676812201	-16.5296654	-68.0689589	81	1	13
1723676817247	-16.5296594	-68.0689655	81	1	15
1723676822394	-16.5296545	-68.0689685	81	1	15
1723676827425	-16.5296528	-68.0689709	81	1	15
1723676839274	-16.5296442	-68.0689766	80	1	13
1723676844236	-16.5296467	-68.068972	80	1	13
1723676849247	-16.5296353	-68.0689674	80	1	13
1723676853956	-16.529638	-68.0689701	80	1	13
1723676859329	-16.52965	-68.0689637	80	1	13
1723676864301	-16.5296462	-68.0689718	80	1	12
1723676869376	-16.529649	-68.068967	80	1	12
1723676874456	-16.5296341	-68.068982	80	1	12
1723676875567	-16.5296338	-68.0689824	80	1	14
1723676879425	-16.5296572	-68.0689665	80	1	16
1723676884740	-16.5296437	-68.0689751	80	1	16
1723676889663	-16.5296409	-68.0689764	80	1	13
1723676894651	-16.5296503	-68.0689718	80	1	13
1723676899679	-16.5296534	-68.0689694	80	1	13
1723676904744	-16.5296496	-68.0689795	80	1	13
1723676909710	-16.5296481	-68.0689726	80	1	13
1723676914870	-16.5296504	-68.0689656	80	1	13
1723676924904	-16.5296372	-68.068981	80	1	16	0
1723676929981	-16.5296501	-68.0689672	80	1	15	0
1723676935073	-16.5296415	-68.0689681	80	1	13	0
1723676939984	-16.5296425	-68.0689697	80	1	13	0
1723676945228	-16.5296494	-68.0689681	80	1	15	0
1723676947858	-16.5296445	-68.0689674	80	1	14	0
1723676948628	-16.5296441	-68.0689674	80	1	13	0
1723676955139	-16.5296479	-68.0689722	80	1	14	0
1723676960447	-16.5296376	-68.0689775	80	1	14	0
1723676965381	-16.5296454	-68.0689634	80	1	13	0
1723676970237	-16.5296487	-68.0689695	80	1	13	0
1723676975360	-16.529652	-68.0689638	80	1	13	0
1723676980569	-16.5296522	-68.0689633	80	1	13	0
1723676985383	-16.5296491	-68.0689652	80	1	13	0
1723676988030	-16.5296405	-68.0689773	80	1	13	0
1723676995436	-16.52964	-68.068972	80	1	14	0
1723677000582	-16.5296482	-68.0689694	80	1	13	0
1723677005690	-16.5296472	-68.0689706	80	1	13	0
1723677010772	-16.5296441	-68.0689725	80	1	13	0
1723677015837	-16.5296303	-68.0689663	80	1	15	0
1723677020898	-16.5296363	-68.0689787	80	1	14	0
1723677025964	-16.5296493	-68.0689661	80	1	12	0
1723677030705	-16.5296495	-68.0689709	80	1	14	0
1723677035998	-16.5296499	-68.0689662	80	1	13	0
1723677040976	-16.5296496	-68.0689664	80	1	13	0
1723677045999	-16.5296538	-68.0689701	80	1	13	0
1723677051137	-16.5296366	-68.0689824	80	1	13	0
1723677056298	-16.5296419	-68.0689761	80	1	13	0
1723677061171	-16.5296422	-68.0689741	80	1	13	0
1723677066103	-16.5296458	-68.0689711	80	1	12	0
1723677071092	-16.5296537	-68.0689615	80	1	13	0
1723677076012	-16.5296537	-68.0689649	80	1	13	0
1723677081242	-16.5296444	-68.068973	80	1	12	0
1723677086091	-16.5296449	-68.06897	80	1	13	0
1723677091180	-16.5296361	-68.0689772	80	1	13	0
1723677096321	-16.529647	-68.0689642	80	1	15	0
1723677101398	-16.529647	-68.068969	80	1	16	0
1723677106372	-16.5296459	-68.0689751	80	1	15	0
1723677111355	-16.5296486	-68.0689667	80	1	12	0
1723677116523	-16.5296441	-68.0689691	80	1	13	0
1723677121334	-16.5296435	-68.0689764	80	1	11	0
1723677126541	-16.5296425	-68.0689714	80	1	12	0
1723677131565	-16.5296394	-68.0689729	80	1	13	0
1723677136601	-16.5296463	-68.0689668	80	1	13	0
1723677144973	-16.5296522	-68.0689621	80	1	13	0
1723677149970	-16.529649	-68.0689685	80	1	12	0
1723677154822	-16.5296504	-68.0689649	80	1	14	0
1723677159976	-16.5296446	-68.0689731	80	1	15	0
1723677164822	-16.529642	-68.0689689	80	1	13	0
1723677169652	-16.5296445	-68.0689662	80	1	14	1
1723677174863	-16.5296522	-68.0689632	80	1	13	0
1723677180295	-16.5296509	-68.0689666	79	1	13	0
1723677185076	-16.5296548	-68.0689631	79	1	13	0
1723677190057	-16.529649	-68.0689687	79	1	13	0
1723677195065	-16.5296574	-68.068964	79	1	12	0
1723677200132	-16.5296522	-68.0689642	79	1	12	0
1723677203642	-16.5296521	-68.0689642	79	1	14	0
1723677210187	-16.5296441	-68.0689692	79	1	14	0
1723677215260	-16.529648	-68.0689678	79	1	13	0
1723677220242	-16.5296482	-68.0689716	79	1	13	0
1723677236745	-16.5296475	-68.0689667	79	1	13	0
1723677241557	-16.5296492	-68.0689661	79	1	13	0
1723677246829	-16.5296487	-68.0689655	79	1	13	0
1723677251737	-16.5296505	-68.0689647	79	1	12	0
1723677256882	-16.5296459	-68.0689719	79	1	12	0
1723677257668	-16.5296458	-68.0689721	79	1	12	0
1723677262011	-16.52965	-68.0689702	79	1	12	0
1723677267029	-16.5296517	-68.0689661	79	1	14	0
1723677272015	-16.5296488	-68.0689664	79	1	13	0
1723677277055	-16.5296483	-68.06897	79	1	13	0
1723677282317	-16.5296499	-68.0689692	79	1	12	0
1723677287207	-16.5296526	-68.068967	79	1	12	0
1723677292338	-16.5296494	-68.0689666	79	1	12	0
1723677297153	-16.5296411	-68.0689757	79	1	12	0
1723677302292	-16.5296478	-68.068971	79	1	12	0
1723677307379	-16.5296504	-68.0689674	79	1	13	0
1723677312511	-16.5296405	-68.0689705	79	1	13	0
1723677317482	-16.5296426	-68.0689725	79	1	13	0
1723677322542	-16.5296383	-68.0689782	79	1	13	0
1723677327501	-16.5296278	-68.0689695	79	1	13	0
1723677332734	-16.5296421	-68.0689787	79	1	15	0
1723677337693	-16.5296445	-68.0689708	79	1	15	0
1723677342760	-16.5296372	-68.0689792	79	1	14	0
1723677347652	-16.5296397	-68.0689784	79	1	13	0
1723677352660	-16.5296431	-68.068974	79	1	13	0
1723677357708	-16.5296455	-68.0689752	79	1	14	0
1723677362939	-16.5296398	-68.0689755	79	1	13	0
1723677367685	-16.5296393	-68.0689776	79	1	12	0
1723677372823	-16.5296439	-68.068977	79	1	12	0
1723677377744	-16.5296471	-68.0689722	79	1	13	0
1723677382869	-16.5296447	-68.0689713	79	1	13	0
1723677387910	-16.5296436	-68.0689764	79	1	12	0
1723677392904	-16.5296447	-68.0689739	79	1	12	0
1723677397987	-16.5296409	-68.0689757	79	1	14	0
1723677403048	-16.5296504	-68.0689724	79	1	11	0
1723677408126	-16.5296475	-68.068971	79	1	14	0
1723677413120	-16.529649	-68.0689723	79	1	12	0
1723677418158	-16.5296467	-68.0689684	79	1	13	0
1723677423195	-16.5296448	-68.0689745	79	1	12	0
1723677428177	-16.5296344	-68.068974	79	1	11	0
1723677433245	-16.5296455	-68.0689707	79	1	12	0
1723677438446	-16.5296454	-68.0689744	79	1	11	0
1723677443361	-16.5296381	-68.068976	79	1	12	0
1723677448279	-16.5296369	-68.06898	79	1	12	0
1723677453375	-16.5296529	-68.0689703	79	1	12	0
1723677458529	-16.5296385	-68.0689773	79	1	12	0
1723677463554	-16.5296337	-68.0689832	79	1	12	0
1723677468657	-16.5296376	-68.0689756	79	1	13	0
1723677473656	-16.5296425	-68.068974	79	1	13	0
1723677478795	-16.5296411	-68.0689782	79	1	12	1
1723677483846	-16.5296404	-68.068971	79	1	13	1
1723677488839	-16.5296422	-68.0689655	79	1	13	1
1723677493844	-16.529642	-68.0689731	79	1	12	1
1723677498851	-16.529637	-68.0689762	79	1	14	1
1723677503905	-16.529647	-68.0689735	79	1	12	1
1723677508824	-16.5296482	-68.0689647	79	1	12	1
1723677513970	-16.5296496	-68.068964	79	1	12	1
1723677519109	-16.5296517	-68.0689644	79	1	12	1
1723677524108	-16.529649	-68.0689688	79	1	13	1
1723677529156	-16.5296441	-68.0689702	79	1	13	1
1723677534234	-16.5296455	-68.0689674	79	1	12	1
1723677539314	-16.5296457	-68.0689685	79	1	12	1
1723677544292	-16.5296372	-68.0689801	79	1	12	1
1723677549508	-16.529638	-68.0689723	79	1	12	1
1723677554555	-16.5296453	-68.0689738	79	1	12	1
1723677559385	-16.5296434	-68.0689685	79	1	13	1
1723677559632	-16.5296433	-68.0689683	79	1	13	1
1723677564502	-16.529649	-68.0689688	79	1	14	1
1723677569596	-16.5296456	-68.0689655	79	1	13	1
1723677574510	-16.5296442	-68.0689717	79	1	12	1
1723677579520	-16.5296381	-68.0689646	79	1	12	1
1723677584757	-16.5296472	-68.068971	79	1	12	1